0 0.3859390363815143 0.011581067472306143 0.038348082595870206 0.023162134944612285
0 0.8426155358898723 0.13030211480362547 0.03566371681415927 0.045297079556898295
0 0.8728121927236971 0.28350453172205436 0.07392330383480832 0.07988922457200404
0 0.39269419862340216 0.29420946626384703 0.07179941002949851 0.06888217522658607
0 0.3942969518190757 0.23775427995971796 0.06915437561455265 0.0808660624370594
0 0.36535889872173055 0.4791943605236656 0.04240904621435594 0.048539778449144054
0 0.3756243854473943 0.5951762336354481 0.06112094395280233 0.06868076535750256
0 0.344070796460177 0.731570996978852 0.045270403146509305 0.0415810674723061
0 0.3557423795476893 0.7111883182275932 0.03550639134709933 0.04872104733131934
0 0.3563913470993117 0.7840986908358508 0.06008849557522125 0.035347432024169095
0 0.5953294001966569 0.641581067472306 0.07193706981317609 0.05676737160120835
0 0.6273058013765979 0.6898086606243706 0.05125860373647995 0.056706948640483326
0 0.6175221238938053 0.8011480362537764 0.04330383480825955 0.049486404833836956
0 0.6076991150442478 0.8776535750251763 0.06290068829891841 0.04951661631419947
0 0.7930776794493608 0.7900704934541792 0.034582104228121996 0.07183282980866056
0 0.8618190757128811 0.6861832829808662 0.0679646017699114 0.06342396777442097
0 0.8480825958702065 0.9899295065458208 0.061946902654867256 0.02014098690835851