0 0.41099311701081614 0.241661600810537 0.025712881022615514 0.03144883485309019
0 0.4095771878072763 0.3180851063829787 0.04039331366764999 0.03851063829787233
0 0.432133726647001 0.35718338399189464 0.034572271386430646 0.035623100303951334
0 0.3982497541789577 0.41423505572441743 0.031504424778761024 0.030364741641337414
0 0.3912881022615536 0.48833839918946303 0.029577187807276344 0.03251266464032425
0 0.4414355948869223 0.4598986828774063 0.01777777777777782 0.026362715298885495
0 0.4296361848574238 0.5896149949341439 0.043323500491642145 0.05276595744680844
0 0.4046017699115044 0.6818541033434651 0.052261553588987195 0.05677811550151972
0 0.40904621435594885 0.748257345491388 0.03756145526057035 0.0395542046605876
0 0.4091740412979351 0.7979229989868287 0.035653883972468034 0.03758865248226941
0 0.4247787610619469 0.8343667679837893 0.021642084562438536 0.027456940222897578
0 0.6559390363815143 0.7790374873353596 0.03942969518190748 0.04269503546099301
0 0.6779744346116028 0.7198682877406282 0.03440511307767946 0.03169199594731507
0 0.6652015732546706 0.6377507598784194 0.04248770894788598 0.04168186423505583
0 0.6834021632251721 0.5050455927051672 0.037600786627335306 0.029544072948328292
0 0.6720157325467061 0.4630496453900709 0.034503441494591856 0.0447112462006079
0 0.6670894788593903 0.3140830800405269 0.03844641101278261 0.04679837892603855
0 0.8789872173058013 0.41336372847011144 0.025722713864306867 0.024528875379939245
0 0.9085939036381514 0.2866666666666667 0.039410029498525005 0.028480243161094237
0 0.8790265486725664 0.04709219858156028 0.035634218289085556 0.04567375886524822
0 0.8785644051130777 0.9954407294832827 0.032448377581120944 0.00911854103343465
0 0.903598820058997 0.9514589665653496 0.03158308751229094 0.04260385005065852
0 0.8805604719764012 0.91435663627153 0.026686332350049264 0.021408308004052797
0 0.6819075712881023 0.9802431610942249 0.046214355948869225 0.03951367781155015