0 0.119960668633235 0.013930348258706468 0.0471976401179941 0.027860696517412936
0 0.32513274336283193 0.0891542288557213 0.05198623402163226 0.05108457711442786
0 0.34616519174041294 0.043810945273631816 0.05921337266470013 0.06189054726368159
0 0.5757030481809243 0.14576119402985074 0.05230088495575227 0.04303482587064677
0 0.5974926253687316 0.10891542288557217 0.05429695181907574 0.0568855721393035
0 0.6002851524090462 0.04014925373134319 0.042704031465093474 0.046965174129353235
0 0.12976401179941005 0.45226865671641786 0.03367748279252704 0.02899502487562188
0 0.06204523107177966 0.39401990049751245 0.04722713864306785 0.03778109452736321
0 0.08114060963618484 0.3561194029850747 0.048210422812192726 0.041761194029850776
0 0.09541789577187804 0.3273532338308458 0.039400196656833815 0.03596019900497511
0 0.09447394296951812 0.21091542288557216 0.06474926253687316 0.05210945273631841
0 0.335811209439528 0.17948258706467674 0.052448377581120975 0.05477611940298509
0 0.3459193706981317 0.2973830845771143 0.03580137659783674 0.036069651741293535
0 0.36679449360865285 0.28495522388059713 0.04529990167158314 0.0410646766169154
0 0.35352999016715825 0.3532537313432836 0.05450344149459189 0.0538308457711443
0 0.3603638151425762 0.4074427860696518 0.061828908554572265 0.05860696517412933
0 0.6208554572271388 0.4914825870646767 0.057984267453294026 0.059990049751243744
0 0.5659095378564405 0.5662686567164178 0.04048180924287126 0.03793034825870636
0 0.6016420845624384 0.5398507462686567 0.039341199606686326 0.026885572139303465
0 0.594346116027532 0.7238905472636816 0.04045231071779754 0.03890547263681583
0 0.5703343166175024 0.6376517412935323 0.01774827925270399 0.02627860696517421
0 0.10465093411996074 0.8396915422885574 0.020717797443461153 0.019771144278606857
0 0.08061946902654868 0.7406169154228855 0.025565388397246803 0.025114427860696526
0 0.09746312684365771 0.6652139303482587 0.03149459193706981 0.028935323383084504
0 0.14901671583087508 0.571084577114428 0.024473942969518176 0.027950248756218824
0 0.16364798426745336 0.9478407960199005 0.03869223205506393 0.04493532338308466
0 0.35403146509341193 0.9064577114427861 0.051376597836774826 0.057781094527363124
0 0.5894296951819076 0.9049751243781095 0.03847590953785655 0.03300497512437818