0 0.9080727630285153 0.4371327254305976 0.03247787610619466 0.023383991894630234
0 0.921858407079646 0.11546099290780146 0.040619469026548616 0.036686930091185406
0 0.4238446411012783 0.12607902735562315 0.019764011799410054 0.017315096251266454
0 0.42280235988200593 0.4538601823708207 0.02358898721730581 0.01837892603850049
0 0.4119567354965585 0.5384903748733534 0.021760078662733526 0.019209726443769035
0 0.6671779744346116 0.5531509625126647 0.024611602753195648 0.026413373860182308
0 0.6829203539823009 0.5809726443768998 0.050176991150442454 0.0457142857142856
0 0.4035889872173058 0.8277102330293817 0.04246804326450338 0.030415400202634228
0 0.41644051130776794 0.7998277608915905 0.042428711897738426 0.037456940222897694
0 0.4233136676499508 0.9032218844984803 0.04425762045231071 0.04575481256332328
0 0.9271583087512291 0.8232218844984802 0.0336676499508358 0.039483282674772066