0 0.3372929292929293 0.035393034825870584 0.05256565656565653 0.04283582089552238
0 0.32417171717171717 0.09694527363184086 0.03843434343434339 0.032995024875621885
0 0.5818080808080808 0.019412935323383076 0.03857575757575763 0.035213930348258704
0 0.8621515151515151 0.022815920398010014 0.02128282828282822 0.037930348258706476
0 0.8626363636363636 0.06869651741293528 0.02446464646464649 0.026019900497512443
0 0.8515151515151516 0.2123084577114427 0.04242424242424243 0.043014925373134345
0 0.8642424242424243 0.2612238805970149 0.041535353535353425 0.030945273631840818
0 0.851060606060606 0.3507363184079602 0.031414141414141325 0.03106467661691545
0 0.3393838383838384 0.6820796019900498 0.03253535353535357 0.03678606965174132
0 0.34798989898989896 0.5706169154228856 0.04344444444444444 0.040726368159204045
0 0.8455050505050504 0.4860398009950249 0.012232323232323131 0.01501492537313436
0 0.37281818181818177 0.9084378109452736 0.036515151515151494 0.037960199004975215
0 0.6182424242424241 0.9218109452736319 0.05661616161616157 0.042855721393034764
0 0.6086464646464645 0.949771144278607 0.03741414141414138 0.03497512437810954
0 0.6095959595959596 0.9840796019900497 0.043434343434343436 0.031840796019900496