0 0.08648967551622422 0.09010070493454159 0.06529006882989184 0.06369587109768379
0 0.07423795476892822 0.13153071500503538 0.04051130776794493 0.029254783484390746
0 0.5511897738446411 0.09871097683786503 0.06619469026548666 0.08477341389728098
0 0.10077679449360866 0.6535548841893253 0.036361848574237944 0.04438066465256791
0 0.0924680432645034 0.3086706948640486 0.0375024582104228 0.04164149043303124
0 0.08550639134709935 0.25572004028197365 0.0651425762045231 0.05269889224572005
0 0.3308751229105211 0.6681268882175225 0.05807276302851519 0.05758308157099704
0 0.35401179941002947 0.6278549848942598 0.06101278269419858 0.037321248741188265
0 0.3427236971484759 0.550332326283988 0.05210422812192725 0.07377643504531721
0 0.34370698131760075 0.42098690835850955 0.052212389380530994 0.06263846928499502
0 0.5616027531956737 0.3460221550855991 0.07889872173058014 0.09003021148036251
0 0.5900294985250737 0.24770392749244693 0.045211406096361866 0.06661631419939575
0 0.3559488692232055 0.9712990936555891 0.051130776794493606 0.05740181268882175