0 0.09244444444444443 0.0790049751243782 0.0273838383838384 0.02091542288557215
0 0.1236060606060605 0.20790049751243786 0.0437070707070707 0.043810945273631816
0 0.12074747474747471 0.249273631840796 0.04756565656565658 0.03683582089552237
0 0.16466666666666666 0.2805472636815921 0.028313131313131287 0.023960199004975164
0 0.14706060606060598 0.3070348258706467 0.029484848484848482 0.026965174129353255
0 0.33647474747474737 0.24577114427860697 0.030464646464646434 0.026119402985074626
0 0.6207171717171717 0.174089552238806 0.025494949494949504 0.014169154228855731
0 0.6186666666666667 0.5637114427860697 0.04359595959595968 0.03299502487562197
0 0.647 0.666179104477612 0.037626262626262626 0.028975124378109344
0 0.12679797979797977 0.4218706467661692 0.03335353535353535 0.03397014925373133
0 0.10157575757575751 0.48555223880597015 0.04353535353535353 0.04996019900497516
0 0.14743434343434347 0.5925174129353235 0.032535353535353514 0.02902487562189062
0 0.151010101010101 0.7194029850746269 0.04546464646464646 0.020059701492537396
0 0.34391919191919196 0.9407661691542288 0.0274242424242424 0.016965174129353187
0 0.3681616161616162 0.9442587064676617 0.01530303030303028 0.010159203980099538
0 0.3803232323232323 0.9770746268656717 0.045484848484848454 0.042109452736318345
0 0.37222222222222223 0.8243383084577115 0.02748484848484852 0.027034825870646838