0 0.15781710914454278 0.3738500506585613 0.04041297935103247 0.03847011144883488
0 0.1883284169124877 0.2572441742654509 0.05413962635201573 0.048784194528875384
0 0.38289085545722723 0.4518743667679838 0.024601769911504406 0.03272543059777098
0 0.3952999016715831 0.2263627152988855 0.021819075712881077 0.021367781155015173
0 0.6302949852507375 0.07537993920972645 0.04538839724680441 0.027406281661600813
0 0.6504621435594887 0.04302938196555218 0.04454277286135689 0.04353596757852077
0 0.6489675516224189 0.1347517730496454 0.04327433628318583 0.04070921985815604
0 0.6735299901671583 0.31962512664640325 0.029459193706981354 0.027365754812563314
0 0.6700294985250738 0.5495845997973658 0.042320550639134674 0.04170212765957455
0 0.3996263520157326 0.8530192502532927 0.03093411996066867 0.028378926038500497
0 0.4243657817109144 0.9852380952380951 0.024591937069813167 0.0235055724417427
0 0.21583087512291052 0.9878419452887538 0.04228121927236971 0.0243161094224924
0 0.1824975417895771 0.9675987841945288 0.028515240904621434 0.034873353596757924
0 0.176007866273353 0.9908814589665653 0.04129793510324484 0.0182370820668693
0 0.17553588987217303 0.8652178318135765 0.024621435594886942 0.03442755825734551
0 0.17006882989183877 0.8318439716312056 0.03158308751229106 0.04077001013171227
0 0.18587020648967548 0.748257345491388 0.027767944936086537 0.04168186423505583