0 0.6095959595959596 0.0029850746268656717 0.043434343434343436 0.005970149253731343
0 0.37776767676767675 0.07416915422885569 0.026272727272727264 0.030965174129353238
0 0.349989898989899 0.27802985074626874 0.04543434343434345 0.0389651741293532
0 0.6212222222222222 0.22632835820895525 0.056585858585858566 0.0569353233830846
0 0.605040404040404 0.27367164179104475 0.020373737373737447 0.01996019900497507
0 0.6152020202020202 0.34277611940298486 0.028383838383838293 0.02895522388059704
0 0.6126363636363636 0.5457412935323381 0.04353535353535344 0.048776119402985055
0 0.5894242424242424 0.5631641791044776 0.02330303030303024 0.029910447761193976
0 0.8667373737373738 0.5796119402985077 0.028434343434343527 0.023004975124378
0 0.902010101010101 0.5930348258706468 0.022363636363636464 0.025870646766169153
0 0.8500909090909091 0.6078905472636814 0.047616161616161716 0.04181094527363182
0 0.6110808080808081 0.728328358208955 0.032474747474747566 0.035990049751243855
0 0.6465353535353536 0.9548955223880597 0.03245454545454556 0.043253731343283607
0 0.8449494949494949 0.9960199004975124 0.03535353535353535 0.007960199004975124