0 0.43215339233038347 0.009625126646403243 0.038348082595870206 0.019250253292806486
0 0.41206489675516217 0.23905775075987823 0.035349065880039374 0.0447112462006079
0 0.4076991150442479 0.2035764944275581 0.010816125860373648 0.020526849037487326
0 0.16964601769911503 0.2766261398176294 0.030344149459193722 0.03260385005065851
0 0.1631563421828909 0.14994934143870314 0.04135693215339233 0.03673758865248226
0 0.17599803343166176 0.06933130699088152 0.037305801376597836 0.06589665653495443
0 0.18092428711897737 0.010638297872340425 0.04523107177974434 0.02127659574468085
0 0.41703048180924274 0.35826747720364754 0.017738446411012746 0.02940222897669704
0 0.4234414945919372 0.46202634245187435 0.03636184857423797 0.02457953394123606
0 0.4154178957718781 0.5369706180344476 0.03863323500491638 0.04893617021276591
0 0.14948869223205505 0.7720364741641338 0.037433628318584065 0.040780141843971635
0 0.20645034414945923 0.7963627152988857 0.03334316617502455 0.03467071935157044
0 0.41149459193706983 0.7325025329280649 0.042369714847590986 0.03654508611955414
0 0.6568633235004916 0.6412664640324213 0.02356932153392333 0.030597771023302984
0 0.6951032448377582 0.6534549138804459 0.03547689282202549 0.03467071935157044
0 0.6617600786627336 0.6854305977710233 0.0354277286135693 0.03359675785207709
0 0.6666863323500491 0.9159270516717325 0.0354277286135693 0.032411347517730504