0 0.5788593903638152 0.5970795568982881 0.0874729596853491 0.07731117824773412
0 0.6091052114060964 0.5326283987915409 0.0620550639134709 0.050584088620342416
0 0.35493608652900693 0.5453272910372611 0.04335299901671586 0.06741188318227599
0 0.5738741396263521 0.30360523665659617 0.04839724680432648 0.06780463242698896
0 0.6140511307767945 0.3006344410876135 0.06599803343166165 0.06366565961732128
0 0.6183972468043265 0.26644511581067465 0.03358898721730588 0.045387713997985926
0 0.5836283185840707 0.2467069486404834 0.04624385447394294 0.04858006042296074
0 0.11159292035398231 0.3479456193353477 0.07202556538839724 0.057321248741188276
0 0.34217305801376596 0.0458912386706948 0.05529990167158309 0.03751258811681772
0 0.616519174041298 0.025176233635448138 0.05703048180924287 0.050352467270896276
0 0.5905211406096361 0.11472306143001014 0.03825958702064905 0.05249748237663645
0 0.33774827925270406 0.7784491440080564 0.020816125860373607 0.026314199395770503
0 0.5786430678466077 0.79932527693857 0.03459193706981324 0.031863041289023265
0 0.6105801376597837 0.7774219536757301 0.03548672566371673 0.024481369587109714
0 0.11064896755162239 0.8736455186304131 0.04233038348082597 0.035427995971802684
0 0.1446607669616518 0.8972104733131921 0.04551622418879057 0.04657603222557905
0 0.10331366764995077 0.9173917421953673 0.07105211406096361 0.04852970795568989
0 0.36770894788593905 0.9496777442094665 0.03749262536873156 0.030382678751258885