0 0.6298230088495574 0.08956218905472636 0.03448377581120938 0.026069651741293522
0 0.33336283185840704 0.35569154228855726 0.02380530973451331 0.030945273631840818
0 0.3610127826941986 0.2010149253731343 0.043510324483775814 0.05604975124378108
0 0.5860275319567355 0.33234825870646767 0.021799410029498596 0.04188059701492541
0 0.6229793510324484 0.30307462686567155 0.04045231071779754 0.04090547263681593
0 0.8328416912487709 0.2503084577114427 0.04370698131760083 0.03316417910447762
0 0.8558702064896755 0.23079601990049756 0.04413962635201583 0.032079601990049764
0 0.8825467059980334 0.32039800995024875 0.04653883972468036 0.048109452736318434
0 0.8427826941986234 0.4330149253731344 0.021868239921337275 0.018676616915422866
0 0.6115535889872173 0.5357512437810946 0.045339233038347984 0.02911442786069651
0 0.6381710914454277 0.6208855721393035 0.04142576204523118 0.038119402985074574
0 0.5850639134709931 0.6382985074626866 0.04139626352015724 0.03309452736318407
0 0.34561455260570306 0.7198407960199006 0.0168829891838741 0.027034825870646838
0 0.3977089478859391 0.7228059701492539 0.02071779744346121 0.021213930348258643
0 0.6181907571288102 0.9596517412935324 0.03216322517207477 0.03107462686567166