0 0.062146892655367235 0.003524672708962739 0.032015065913371 0.007049345417925478
0 0.08851224105461393 0.02416918429003021 0.04519774011299435 0.04833836858006042
0 0.1134839924670433 0.1254179254783484 0.036751412429378516 0.02922457200402819
0 0.10451977401129943 0.1581168177240687 0.041553672316384176 0.0420745216515609
0 0.07349340866290015 0.2663242698892246 0.024378531073446313 0.029274924471299115
0 0.0932580037664783 0.2563343403826787 0.03208097928436911 0.033313192346424984
0 0.09278719397363462 0.3253474320241689 0.021967984934086613 0.030231621349446104
0 0.08949152542372878 0.39776435045317177 0.03396421845574387 0.044471299093655554
0 0.1238418079096045 0.43797583081570984 0.0216854990583804 0.032275931520644466
0 0.5899529190207156 0.8474420946626386 0.03488700564971747 0.03516616314199403
0 0.5757532956685499 0.3393353474320242 0.03287193973634659 0.036344410876132965
0 0.5546421845574387 0.16970795568982924 0.028116760828625142 0.03322255790533737
0 0.579557438794727 0.13494461228600202 0.03858757062146894 0.03628398791540784
0 0.5475894538606403 0.08900302114803636 0.038672316384180734 0.03948640483383686