0 0.6514552605703048 0.1260891590678823 0.04038348082595864 0.04368794326241135
0 0.6470599803343166 0.5420668693009119 0.015840707964601672 0.02239108409321166
0 0.6495181907571288 0.3874164133738603 0.030412979351032512 0.031357649442755875
0 0.4153392330383482 0.6382674772036472 0.04447394296951821 0.03471124620060789
0 0.6524188790560472 0.6215197568389058 0.03641101278269417 0.031448834853090135
0 0.16477876106194683 0.464528875379939 0.0244542772861357 0.023191489361702115
0 0.19971484759095368 0.4528166160081052 0.037305801376597836 0.03256332320162106
0 0.17213372664700094 0.41939209726443777 0.04526057030481807 0.04271529888551162
0 0.16276302851524088 0.15599797365754792 0.0384070796460177 0.04472137791286726
0 0.17597836774827927 0.9244883485309016 0.02373647984267452 0.02134751773049639
0 0.4208751229105211 0.9756231003039514 0.02760078662733535 0.028409321175278585