0 0.08901129943502822 0.34032225579053377 0.023559322033898315 0.03838872104733133
0 0.343210922787194 0.38011077542799576 0.029227871939736312 0.029113796576032195
0 0.5569962335216573 0.369607250755287 0.027372881355932143 0.028277945619335387
0 0.34884180790960456 0.4486606243705941 0.027429378531073443 0.027432024169184298
0 0.0918267419962335 0.18682779456193352 0.04618644067796611 0.05121852970795571
0 0.0951035781544256 0.005035246727089627 0.03766478342749529 0.010070493454179255
0 0.30946327683615826 0.13067472306143024 0.014096045197740138 0.02366565961732125
0 0.2872222222222222 0.019587109768378467 0.03207156308851219 0.03139979859013092
0 0.5597928436911488 0.01863041289023162 0.044256120527306965 0.03726082578046324
0 0.5409604519774012 0.7955891238670695 0.02731638418079095 0.028106747230614383
0 0.5635499058380414 0.791027190332326 0.021629001883239195 0.0292849949647532
0 0.09692090395480232 0.6993655589123865 0.041478342749529204 0.039345417925478285
0 0.11768361581920905 0.675609264853978 0.033662900188323915 0.034199395770392785
0 0.09327683615819204 0.9079456193353476 0.03583804143126177 0.045387713997985836
0 0.08290960451977397 0.9792547834843909 0.052777777777777785 0.03733131923464243
0 0.3290960451977401 0.9869083585095669 0.031073446327683617 0.026183282980866064
0 0.5400188323917138 0.999496475327291 0.04048964218455744 0.0010070493454179255
0 0.5484745762711865 0.6838972809667675 0.012382297551789163 0.024420946626384693