0 0.41789577187807275 0.16521651560926479 0.06705998033431666 0.06249748237663646
0 0.3594198623402163 0.1944008056394763 0.048230088495575175 0.052416918429003034
0 0.6163815142576203 0.2162235649546828 0.04304818092428709 0.04243705941591137
0 0.6119764011799411 0.2617724068479356 0.03669616519174035 0.05082578046324272
0 0.5836873156342182 0.32275931520644513 0.05035398230088499 0.09167170191339373
0 0.6310619469026548 0.32277945619335346 0.060442477876106224 0.0574924471299094
0 0.5964306784660767 0.39793554884189336 0.052202556538839644 0.06093655589123866
0 0.36525073746312686 0.3791641490433031 0.052192723697148516 0.047643504531721996
0 0.1468928220255655 0.3584894259818731 0.05851524090462143 0.06469284994964754
0 0.10327433628318582 0.37059415911379656 0.04135693215339233 0.07100704934541792
0 0.15453294001966578 0.22212487411883175 0.045142576204523076 0.06601208459214503
0 0.13755162241887917 0.2629003021148036 0.06688298918387413 0.050614300100704925
0 0.5832153392330385 0.9016918429003022 0.06709931170108162 0.04962739174219534
0 0.11466076696165182 0.7718328298086606 0.04237954768928221 0.04348439073514609
0 0.1174729596853491 0.7370594159113798 0.05827925270403146 0.048358509566968765
0 0.14551622418879057 0.6870694864048338 0.06159292035398229 0.0692245720040282
0 0.10186823992133717 0.691852970795569 0.04020648967551621 0.06267875125881169
0 0.10047197640118001 0.6465861027190332 0.06880039331366766 0.04468277945619324
0 0.09977384464110131 0.5543403826787513 0.06599803343166176 0.05942598187311177
0 0.3672664700098328 0.7562739174219537 0.030501474926253668 0.034481369587109775
0 0.33439528023598813 0.5492749244712991 0.04908554572271382 0.04356495468277945
0 0.3504031465093411 0.5901913393756294 0.03662733529990167 0.04268882175226596
0 0.6053097345132743 0.621732124874119 0.07578171091445421 0.07362537764350444
0 0.5741789577187808 0.7591842900302114 0.07686332350049171 0.050332326283987934
0 0.0866076696165191 0.963031218529708 0.05707964601769912 0.05749244712990928
0 0.616519174041298 0.986404833836858 0.05703048180924287 0.027190332326283987