0 0.3761761761761762 0.10091641490433034 0.03397397397397391 0.027754279959718027
0 0.3907307307307307 0.05910372608257764 0.044044044044044044 0.06469284994964754
0 0.3754954954954955 0.12022155085599205 0.01710710710710714 0.018751258811681777
0 0.600980980980981 0.08279959718026209 0.06246246246246255 0.06623363544813694
0 0.3687787787787788 0.14276938569989975 0.033453453453453415 0.02244712990936558
0 0.6108908908908909 0.26517623363544784 0.05197197197197204 0.04970795568982882
0 0.6374374374374374 0.3673413897280971 0.05311311311311306 0.06263846928499502
0 0.6144644644644645 0.39232628398791536 0.03212212212212204 0.03795568982880167
0 0.6378078078078078 0.4029707955689825 0.025165165165165267 0.029657603222557952
0 0.6226626626626627 0.43215508559919447 0.04070070070070078 0.04132930513595162
0 0.8708908908908909 0.4153071500503521 0.044144144144144054 0.054350453172205465
0 0.8581981981981982 0.3170694864048342 0.05098098098098104 0.06067472306143001
0 0.6265465465465465 0.5472910372608258 0.05559559559559556 0.05293051359516611
0 0.8536236236236237 0.10449144008056417 0.020940940940941014 0.020614300100704933
0 0.8805605605605605 0.04810674723061474 0.05882882882882881 0.07113796576032225
0 0.8768768768768769 0.00906344410876133 0.026026026026026026 0.01812688821752266