0 0.38227272727272726 0.14123383084577074 0.035454545454545475 0.027980099502487567
0 0.6474747474747474 0.005472636815920398 0.030303030303030304 0.010945273631840797
0 0.6353131313131314 0.16309452736318394 0.03627272727272735 0.05573134328358208
0 0.6658181818181818 0.16962189054726393 0.02878787878787879 0.039024875621890574
0 0.693050505050505 0.19707462686567204 0.040747474747474664 0.04212935323383088
0 0.64 0.24768159203980106 0.059939393939393855 0.05991044776119404
0 0.6329595959595959 0.31238805970149236 0.062161616161616126 0.041791044776119404
0 0.6516161616161616 0.3765273631840795 0.046464646464646465 0.04886567164179106
0 0.6080707070707071 0.451691542288557 0.0302828282828283 0.04975124378109453
0 0.8823535353535353 0.22789054726368133 0.03577777777777785 0.03004975124378108
0 0.8994242424242423 0.25815920398009934 0.02915151515151505 0.024955223880597028