0 0.3973973973973974 0.974320241691843 0.04604604604604605 0.0513595166163142
0 0.6571471471471472 0.9358509566968783 0.014294294294294267 0.02022155085599187
0 0.6466466466466466 0.8768580060422959 0.03482482482482479 0.03638469284994976
0 0.6271371371371371 0.846727089627392 0.038848848848848795 0.03759315206445109
0 0.1628428428428429 0.8018026183282981 0.05301301301301299 0.048509566968781545
0 0.6409809809809809 0.7056495468277946 0.02209209209209203 0.02218529707955687
0 0.3829429429429429 0.7298992950654581 0.013863863863863887 0.022729103726082514
0 0.1563463463463464 0.41576032225579046 0.06502502502502501 0.07919436052366564
0 0.14807807807807813 0.4753071500503525 0.03500500500500503 0.028046324269889247
0 0.39317317317317313 0.4236757301107755 0.054134134134134176 0.04709969788519636
0 0.3779179179179179 0.38689828801611287 0.05566566566566568 0.043343403826787474
0 0.42653653653653645 0.22261832829808656 0.03610610610610616 0.04307150050352465
0 0.35933933933933937 0.22058408862034237 0.04047047047047042 0.035991943605236665
0 0.18148148148148144 0.1842396777442093 0.0278778778778779 0.031127895266868103