0 0.34418079096045195 0.09164149043303121 0.029406779661016968 0.020533736153071486
0 0.38189265536723166 0.0892245720040281 0.0368079096045198 0.041268882175226576
0 0.4171374764595104 0.07908358509566989 0.04143126177024482 0.04332326283987917
0 0.3819020715630885 0.3292447129909366 0.03874764595103576 0.04226586102719036
0 0.6083333333333333 0.25478348439073517 0.035687382297551876 0.048398791540785475
0 0.8616195856873823 0.25731117824773436 0.030207156308851155 0.03341389728096675
0 0.840442561205273 0.21292044310171182 0.016280602636534806 0.023242698892245704
0 0.5955838041431262 0.06451158106747225 0.05557438794726929 0.048479355488418925
0 0.6153483992467044 0.015609264853977844 0.051789077212806026 0.03121852970795569
0 0.8837947269303201 0.02976837865055382 0.04065913370998123 0.047472306143001006
0 0.41905838041431265 0.4668076535750251 0.022485875706214686 0.021208459214501457
0 0.35074387947269303 0.49089627391742197 0.031101694915254212 0.029224572004028178
0 0.5870244821092279 0.5071097683786505 0.03304143126177017 0.02971802618328297
0 0.8182015065913371 0.6680765357502518 0.04506591337099802 0.04730110775427999
0 0.38516949152542374 0.710463242698892 0.016854990583804123 0.027039274924471206
0 0.6044821092278719 0.9420745216515609 0.05284369114877579 0.057603222557905384
0 0.6007721280602636 0.8981470292044311 0.04335216572504705 0.050896273917421915
0 0.6031826741996233 0.7880161127895267 0.0293973634651601 0.045568982880161125
0 0.5833709981167607 0.7546525679758307 0.04238229755178907 0.04747230614300111
0 0.8709604519774011 0.9038167170191337 0.020828625235404793 0.019053373615307224
0 0.8704331450094162 0.8820644511581066 0.0331450094161959 0.030130916414904403
0 0.8408851224105461 0.8263444108761329 0.041506591337099746 0.03148036253776434