0 0.8608751229105212 0.1960398009950253 0.04441494591937077 0.029940298507462663
0 0.8362831858407079 0.1716915422885574 0.024778761061946947 0.02704477611940299
0 0.8618780727630285 0.16166169154228882 0.03055063913470987 0.03692537313432837
0 0.8062045231071779 0.23587064676616934 0.013775811209439518 0.014228855721393046
0 0.6091740412979351 0.1397412935323379 0.03447394296951814 0.038885572139303465
0 0.6140117994100296 0.0890547263681592 0.032546705998033346 0.02706467661691541
0 0.6219272369714848 0.010945273631840797 0.04031465093411996 0.021890547263681594
0 0.38983284169124877 0.03331343283582046 0.020658800393313657 0.041164179104477616
0 0.40707964601769914 0.004477611940298508 0.03343166175024582 0.008955223880597015
0 0.3467158308751229 0.4845870646766171 0.03838741396263517 0.04395024875621886
0 0.3903834808259587 0.5522288557213928 0.0354277286135693 0.041800995024875616
0 0.6194690265486725 0.4487462686567162 0.03933136676499508 0.037920398009950264
0 0.6047394296951819 0.4871144278606967 0.04330383480825955 0.032716417910447756
0 0.6194395280235988 0.5173930348258702 0.04143559488692242 0.055860696517412975
0 0.37219272369714845 0.7938805970149257 0.03890855457227144 0.037950248756219
0 0.38635201573254674 0.8635920398009949 0.053136676499508324 0.06744278606965172
0 0.617984267453294 0.7174527363184079 0.018849557522123965 0.021840796019900542
0 0.6439921337266471 0.8696318407960195 0.04359882005899697 0.038000000000000055
0 0.6076696165191741 0.9203781094527359 0.043264503441494594 0.033930348258706375
0 0.5870206489675516 0.9915422885572139 0.017699115044247787 0.01691542288557214
0 0.8584464110127826 0.9641492537313435 0.03743362831858401 0.04378109452736319
0 0.8308751229105211 0.43574129353233837 0.03161258603736489 0.04979104477611937