0 0.6381381381381381 0.004028197381671702 0.057057057057057055 0.008056394763343404
0 0.6926126126126125 0.19704934541792554 0.04206206206206205 0.04899295065458205
0 0.4072372372372372 0.31289023162134927 0.019299299299299272 0.01680765357502523
0 0.6524424424424424 0.5984592145015105 0.04269269269269278 0.0650553877139979
0 0.5958758758758759 0.7054682779456195 0.0433933933933933 0.05658610271903329
0 0.3762062062062062 0.9233031218529709 0.054904904904904926 0.06991943605236663
0 0.8808408408408409 0.5404833836858004 0.03919919919919928 0.04319234642497492
0 0.846086086086086 0.43092648539778433 0.060120120120120066 0.06871097683786508
0 0.9019319319319319 0.26963746223564955 0.059689689689689795 0.04439073514602217
0 0.8855355355355355 0.3079154078549851 0.060350350350350315 0.06000000000000004
0 0.8948048048048047 0.09504531722054392 0.06495495495495505 0.05965760322255791
0 0.8991491491491491 0.025639476334340418 0.04254254254254254 0.03796576032225579