0 0.6622025565388397 0.1034245187436676 0.012713864306784723 0.0144275582573455
0 0.9227925270403147 0.25121580547112443 0.02676499508357918 0.034579533941236064
0 0.8982792527040314 0.24679837892603865 0.03245821042281218 0.033373860182370846
0 0.9188692232055063 0.04409321175278667 0.026529006882989203 0.02735562310030395
0 0.8903736479842674 0.06581560283687947 0.0403244837758112 0.03861195542046607
0 0.6578466076696164 0.18431610942249246 0.04529006882989178 0.04263424518743666
0 0.6692035398230088 0.27916919959473147 0.03241887905604723 0.03160081053698081
0 0.6505309734513275 0.3384295845997971 0.04421828908554575 0.048703140830800455
0 0.6593117010816125 0.42806484295846 0.022664700098328373 0.023394123606889597
0 0.6504818092428711 0.7446808510638298 0.026755162241887943 0.028419452887537947
0 0.6863716814159292 0.741621073961499 0.041366764995083516 0.04465045592705161
0 0.6410619469026549 0.6017223910840929 0.027620452310717716 0.03243161094224923
0 0.9056243854473943 0.6580344478216814 0.031504424778761024 0.027456940222897578