0 0.1352015732546706 0.18505472636815923 0.03657817109144541 0.055810945273631875
0 0.08703048180924286 0.1362487562189053 0.06218289085545724 0.05791044776119402
0 0.40520157325467054 0.2205174129353233 0.039488692232055034 0.0349452736318408
0 0.5925270403146509 0.20254726368159198 0.032576204523107284 0.036985074626865684
0 0.607708947885939 0.4034527363184078 0.035398230088495575 0.02708457711442789
0 0.5959488692232054 0.5154328358208957 0.021710914454277214 0.030019900497512454
0 0.611701081612586 0.615004975124378 0.045221238938053104 0.03799004975124384
0 0.6299115044247786 0.7178805970149251 0.034267453294001875 0.03493532338308448
0 0.37224188790560464 0.6236417910447764 0.024709931170108158 0.04942288557213938
0 0.07606686332350039 0.4666169154228854 0.024523107177974433 0.03006965174129356
0 0.11164208456243851 0.45429850746268674 0.04614552605703049 0.04319402985074624
0 0.5914454277286135 0.9930348258706467 0.04424778761061947 0.013930348258706468
0 0.5668928220255653 0.9706268656716418 0.028574237954768874 0.036865671641791