0 0.13638383838383836 0.034248756218905545 0.046494949494949485 0.047054726368159196
0 0.1514848484848485 0.11636815920397992 0.02439393939393937 0.018109452736318397
0 0.643959595959596 0.20247761194029829 0.03358585858585859 0.028875621890547244
0 0.6338181818181818 0.2725671641791043 0.025202020202020246 0.025960199004975155
0 0.6242323232323232 0.2979900497512438 0.016343434343434406 0.01499502487562194
0 0.6268080808080808 0.4383781094527365 0.04360606060606068 0.0468955223880597
0 0.15301010101010104 0.4333233830845769 0.055848484848484856 0.0649651741293532
0 0.1388888888888889 0.6566965174129353 0.04152525252525254 0.039940298507462786
0 0.1282929292929293 0.7507562189054728 0.05257575757575759 0.05081592039800989
0 0.6131515151515151 0.7119601990049751 0.030545454545454556 0.023024875621890647
0 0.6429393939393939 0.8676218905472637 0.01940404040404044 0.01995024875621886
0 0.150020202020202 0.9513333333333335 0.047515151515151524 0.051810945273631774
0 0.6681818181818182 0.9860696517412936 0.03737373737373737 0.027860696517412936
0 0.6303030303030303 0.9965174129353234 0.048484848484848485 0.006965174129353234