0 0.7989183874139626 0.02014098690835851 0.0599803343166175 0.04028197381671702
0 0.6076991150442478 0.09875125881168217 0.02365781710914449 0.028217522658610283
0 0.5973647984267453 0.037683786505538844 0.018938053097345125 0.02542799597180262
0 0.591937069813176 0.01661631419939577 0.05309734513274336 0.03323262839879154
0 0.34864306784660765 0.12186304128902338 0.036519174041297925 0.036404833836858
0 0.33918387413962636 0.2423564954682778 0.02369714847590956 0.023615307150050342
0 0.3284955752212389 0.5060020140986908 0.056981317600786674 0.05740181268882175
0 0.35348082595870206 0.5679657603222555 0.0660570304818093 0.07454179254783483
0 0.3318289085545723 0.7180060422960721 0.03266470009832844 0.03843907351460229
0 0.33882989183874135 0.9028902316213492 0.04240904621435594 0.07533736153071495
0 0.32110127826941987 0.9205337361530717 0.042507374631268455 0.036424974823766436
0 0.5796460176991151 0.924984894259819 0.06009832841691238 0.04742195367573003
0 0.6007767944936087 0.9667875125881172 0.07294001966568345 0.04650553877139986
0 0.8161750245821042 0.4078952668680765 0.027630285152408958 0.03235649546827794
0 0.8136873156342183 0.4556294058408858 0.0128318584070796 0.015216515609264868
0 0.8491347099311701 0.736213494461229 0.05029498525073755 0.054431017119838825