0 0.37703389830508477 0.16055387713998015 0.014209039548022629 0.02126888217522659
0 0.3795574387947269 0.055961732124874285 0.05119585687382298 0.04533736153071501
0 0.4222693032015066 0.03123867069486403 0.034981167608286234 0.04250755287009064
0 0.6421939736346516 0.2094461228600197 0.03963276836158185 0.05649546827794564
0 0.631346516007533 0.1822759315206445 0.031177024482109135 0.038338368580060414
0 0.6102542372881357 0.16709969788519666 0.04339924670433137 0.044592145015105715
0 0.6323069679849341 0.09116817724068499 0.044435028248587624 0.05546827794561933
0 0.6284934086629003 0.038197381671701745 0.036798493408662834 0.036354481369587105
0 0.3507627118644068 0.2296173212487414 0.031158192090395512 0.038167170191339354
0 0.36606403013182676 0.2667774420946625 0.035903954802259885 0.04055387713997984
0 0.38278719397363464 0.24520644511581047 0.0443032015065913 0.04381671701913393
0 0.8483804143126177 0.3956495468277947 0.026318267419962377 0.020261832829808667
0 0.8602448210922787 0.36196374622356525 0.034792843691148816 0.041258811681772437
0 0.8701412429378531 0.25034239677744224 0.04330508474576272 0.045357502517623355
0 0.8460263653483993 0.18768378650553866 0.03668549905838045 0.047311178247734155
0 0.6482674199623353 0.4460624370594155 0.03288135593220346 0.026213494461228573
0 0.6074011299435028 0.3962839879154081 0.02271186440677956 0.029284994964753314
0 0.37145951035781544 0.47429003021148064 0.048192090395480176 0.04842900302114807
0 0.3728719397363465 0.535236656596173 0.039529190207156326 0.037291037260825756
0 0.35585687382297554 0.7146223564954681 0.03971751412429374 0.03915407854984905
0 0.35829566854990585 0.9068277945619331 0.04615819209039546 0.057603222557905384
0 0.6200941619585687 0.9451762336354486 0.03285310734463286 0.04343403826787524
0 0.5899058380414313 0.8383685800604229 0.03685499058380424 0.04143001007049355
0 0.6205649717514123 0.8166666666666664 0.03585687382297545 0.04033232628398787
0 0.6548964218455744 0.7547532729103729 0.03672316384180791 0.0475427995971803
0 0.57530131826742 0.7255287009063442 0.030263653483992563 0.019214501510573946
0 0.6097175141242938 0.6762638469284993 0.04597928436911481 0.055528700906344514
0 0.5961770244821092 0.6046928499496476 0.04696798493408673 0.059365558912386755
0 0.8347175141242938 0.9435548841893251 0.014067796610169542 0.02386706948640488
0 0.8615442561205273 0.9466868076535754 0.03947269303201514 0.042517623363544844
0 0.8724199623352166 0.9073514602215509 0.02920903954802258 0.024269889224571913
0 0.8490112994350282 0.8449546827794562 0.014331450094161985 0.018177240684793507
0 0.862532956685499 0.7769385699899295 0.032033898305084726 0.023101711983887264
0 0.862241054613936 0.6897985901309167 0.01956685499058378 0.014259818731117908