0 0.3787087087087087 0.04934541792547835 0.03822822822822817 0.041178247734138966
0 0.6376176176176176 0.334864048338369 0.02444444444444452 0.038036253776435026
0 0.34804804804804806 0.36985901309164193 0.03787787787787791 0.03679758308157096
0 0.3760960960960961 0.3845417925478352 0.018418418418418396 0.018902316213494443
0 0.35982982982982986 0.41888217522658594 0.04297297297297292 0.051178247734139024
0 0.6226726726726727 0.4712084592145014 0.025765765765765773 0.02680765357502518
0 0.6423523523523524 0.4425176233635449 0.04173173173173179 0.06672708962739174
0 0.37274274274274277 0.6820342396777445 0.04949949949949955 0.06368580060422961
0 0.6247547547547547 0.7719939577039276 0.054034034034034055 0.057935548841893225
0 0.6218218218218219 0.8097381671701911 0.03152152152152153 0.023192346424974798
0 0.6113213213213213 0.8324169184290031 0.062352352352352314 0.04107754279959715
0 0.562972972972973 0.958106747230614 0.04745745745745754 0.04410876132930509
0 0.8768768768768769 0.998992950654582 0.026026026026026026 0.002014098690835851
0 0.882012012012012 0.8744612286002016 0.03683683683683679 0.03885196374622349
0 0.8813613613613613 0.8484290030211478 0.05016016016016006 0.028227593152064422
0 0.8662462462462462 0.7347129909365556 0.05561561561561556 0.048670694864048264
0 0.8737037037037038 0.6720845921450153 0.06502502502502507 0.041802618328298076
0 0.8707707707707707 0.6996475327291037 0.02518518518518527 0.021007049345417826
0 0.8624624624624625 0.3665256797583082 0.05892892892892882 0.05362537764350453
0 0.8393793793793793 0.1920543806646526 0.041791791791791794 0.02711983887210474
0 0.8878378378378379 0.19027190332326244 0.046616616616616556 0.03253776435045318
0 0.8533133133133134 0.2345518630412889 0.05163163163163156 0.041057401812688805