0 0.10759095378564412 0.19547263681592023 0.019065880039331354 0.03529353233830849
0 0.3411504424778761 0.20320398009950275 0.03549655850540809 0.03845771144278605
0 0.3287610619469026 0.13874626865671602 0.028613569321533947 0.03503482587064676
0 0.5968633235004916 0.06771144278606983 0.02950835791543755 0.024049751243781104
0 0.08153392330383488 0.3462786069651744 0.035644051130776795 0.03195024875621892
0 0.11363815142576199 0.3009154228855722 0.04241887905604719 0.04102487562189056
0 0.08421828908554581 0.4430945273631845 0.020560471976401175 0.033263681592039754
0 0.11435594886922316 0.445641791044776 0.0484660766961652 0.04974129353233832
0 0.10229105211406093 0.4801592039800999 0.03944936086529007 0.028895522388059664
0 0.08450344149459199 0.681114427860697 0.039341199606686326 0.03873631840796026
0 0.11991150442477881 0.6935323383084577 0.0314945919370698 0.04592039800995034
0 0.5669124877089479 0.40540298507462713 0.034513274336283095 0.044905472636815914
0 0.6249262536873156 0.41286567164179133 0.034513274336283095 0.03194029850746271
0 0.607708947885939 0.45428855721393074 0.03744346116027525 0.03495522388059701
0 0.6036774827925271 0.6219303482587064 0.04730580137659774 0.043960199004975185
0 0.6115830875122911 0.6537014925373137 0.04538839724680441 0.03004975124378114
0 0.6145722713864307 0.8024875621890547 0.03355948869223216 0.03099502487562198
0 0.36196656833824964 0.9030049751243785 0.0336676499508358 0.037014925373134375
0 0.37166175024582104 0.8393233830845775 0.045339233038348095 0.042786069651741296
0 0.10031465093411994 0.958238805970149 0.0295378564405113 0.02603980099502495
0 0.12398230088495567 0.8816318407960199 0.03557522123893806 0.029920398009950184
0 0.10127826941986234 0.834865671641791 0.03757128810226156 0.038000000000000055
0 0.10232055063913466 0.7681293532338311 0.039469026548672556 0.043920398009950345