0 0.3794256120527307 0.6697583081570999 0.045244821092278675 0.04441087613293042
0 0.35977401129943504 0.5614199395770391 0.04911487758945383 0.02528700906344401
0 0.32634651600753295 0.418932527693857 0.04253295668549902 0.038257804632427
0 0.6143596986817326 0.36389728096676727 0.029274952919020637 0.031107754279959703
0 0.6332391713747646 0.33924471299093645 0.03484934086629001 0.0321651560926486
0 0.6332956685499058 0.2824974823766364 0.03853107344632775 0.02721047331319233
0 0.6238418079096045 0.2326283987915408 0.036770244821092236 0.03425981873111781
0 0.8432580037664783 0.3575226586102719 0.02738229755178901 0.03038267875125877
0 0.37518832391713747 0.913383685800604 0.034745762711864386 0.032145015105740256
0 0.6153483992467044 0.9924471299093656 0.051789077212806026 0.015105740181268883
0 0.8262994350282485 0.9199798590130916 0.03300376647834271 0.04137965760322247
0 0.8446421845574388 0.8947834843907351 0.02260828625235404 0.03128902316213488