0 0.332975517890772 0.20846928499496498 0.023389830508474607 0.026283987915407876
0 0.556563088512241 0.28197381671701915 0.02461393596986827 0.03034239677744209
0 0.5749058380414312 0.2693655589123863 0.031054613935969887 0.021309164149043273
0 0.5301600753295669 0.22098690835850918 0.03395480225988695 0.03947633434038267
0 0.08335216572504707 0.032175226586102536 0.05368173258003766 0.04032225579053373
0 0.08283427495291905 0.066847935548842 0.06423728813559322 0.0354884189325277
0 0.098361581920904 0.14082578046324284 0.03494350282485877 0.02824773413897282
0 0.10585687382297558 0.12036253776435044 0.03298493408662899 0.043514602215508555
0 0.3290960451977401 0.010070493454179255 0.031073446327683617 0.02014098690835851
0 0.2928060263653484 0.1228700906344413 0.039491525423728864 0.03235649546827794
0 0.3272504708097928 0.11275931520644492 0.03475517890772125 0.04423967774420947
0 0.5400188323917138 0.017119838872104734 0.04048964218455744 0.03423967774420947
0 0.5645856873822975 0.08514602215508578 0.02363465160075321 0.053423967774420954
0 0.5315536723163842 0.3544511581067475 0.03123352165725054 0.03230614300100709
0 0.5574387947269304 0.6052668680765355 0.02090395480225993 0.022437059415911353
0 0.3385499058380414 0.5497985901309163 0.031148775894538645 0.030473313192346415
0 0.2877683615819208 0.42347432024169207 0.0275235404896422 0.02545820745216513
0 0.3187947269303201 0.35345417925478306 0.02920903954802258 0.03029204431017124
0 0.10828625235404897 0.6212890231621345 0.02637476459510357 0.026273917421953594
0 0.09088512241054612 0.5553877139979859 0.04617702448210922 0.045438066465256687
0 0.1289453860640302 0.44769385699899333 0.03196798493408662 0.041490433031218577
0 0.0941713747645951 0.3972708962739172 0.04144067796610169 0.043313192346424965
0 0.11908662900188327 0.3448237663645517 0.0349623352165725 0.03928499496475327
0 0.08193032015065912 0.7331017119838875 0.022617702448210934 0.02029204431017129
0 0.12054613935969867 0.7382175226586104 0.039576271186440665 0.03828801611278951
0 0.0881073446327683 0.8242296072507553 0.027250470809792843 0.023272910372608157
0 0.062146892655367235 0.9889224572004028 0.032015065913371 0.022155085599194362
0 0.08851224105461393 0.999496475327291 0.04519774011299435 0.0010070493454179255
0 0.5645762711864406 0.9581772406847938 0.03875706214689273 0.03521651560926488
0 0.5540866290018833 0.8489728096676734 0.03472693032015076 0.03828801611278951
0 0.5758003766478342 0.8167774420946631 0.05365348399246706 0.04649546827794569
0 0.30462335216572506 0.7793655589123866 0.042391713747645936 0.03626384692849949
0 0.34373822975517887 0.6948338368580063 0.026271186440677944 0.02225579053373606
0 0.5768267419962334 0.7421349446122856 0.03474576271186449 0.04035246727089621
0 0.582382297551789 0.6838066465256802 0.03695856873822975 0.0385699899295065