0 0.35553535353535354 0.014039800995024875 0.04045454545454541 0.02807960199004975
0 0.6247777777777778 0.03833830845771145 0.0394545454545454 0.0408955223880597
0 0.6187474747474747 0.3249054726368159 0.05168686868686876 0.04302487562189056
0 0.604020202020202 0.5392835820895523 0.05268686868686877 0.04988059701492548
0 0.3863838383838384 0.5174427860696517 0.031555555555555566 0.041930348258706514
0 0.3484646464646465 0.6113333333333333 0.020383838383838334 0.015144278606965201
0 0.6066262626262626 0.928318407960199 0.03749494949494939 0.047820895522388
0 0.1100707070707071 0.7263383084577115 0.03649494949494949 0.03588059701492532
0 0.14647474747474745 0.7546865671641791 0.0365858585858586 0.03891542288557204
0 0.13782828282828288 0.8154626865671641 0.037595959595959606 0.03287562189054723
0 0.35451515151515156 0.6671741293532338 0.03447474747474747 0.024895522388059685
0 0.33993939393939393 0.7069552238805971 0.035424242424242476 0.03303482587064681
0 0.6075656565656565 0.7517014925373134 0.04744444444444447 0.04489552238805959