0 0.8992035398230088 0.1763120567375891 0.02264503441494589 0.03669706180344481
0 0.6780039331366765 0.29090172239108397 0.03625368731563411 0.03475177304964534
0 0.6544149459193707 0.18424518743667717 0.03843657817109136 0.03873353596757854
0 0.41596853490658803 0.2639209726443767 0.04335299901671586 0.04161094224924014
0 0.4040806293018682 0.5445187436676794 0.0237069813176008 0.019351570415400112
0 0.42084562438544737 0.6307092198581562 0.0196558505408063 0.02550151975683898
0 0.43802359882005903 0.926575481256332 0.04045231071779743 0.04161094224924006
0 0.40803343166175027 0.8085410334346502 0.02352999016715826 0.026484295845998075
0 0.43555555555555553 0.8196251266464035 0.037472959685349076 0.04067882472137801
0 0.6804326450344149 0.9275582573454914 0.02375614552605711 0.023475177304964612
0 0.9021140609636186 0.9078216818642355 0.038485742379547785 0.03870314083080045
0 0.6499901671583087 0.622077001013171 0.033441494591937064 0.04671732522796342
0 0.6720452310717798 0.5901621073961497 0.04028515240904624 0.047821681864235105
0 0.6764995083579154 0.5385207700101321 0.04542772861356937 0.0518135764944276
0 0.6779351032448377 0.46556231003039533 0.05027531956735507 0.049726443768997
0 0.8923500491642085 0.7953292806484293 0.032487708947885906 0.03463019250253299
0 0.9331956735496558 0.7330293819655522 0.01585054080629291 0.01723404255319148
0 0.9198623402163225 0.6818135764944274 0.020845624385447438 0.022228976697061857
0 0.9026155358898722 0.6579533941236065 0.01807276302851535 0.017244174265450843
0 0.9149754178957719 0.6231003039513677 0.02267453294001961 0.02838905775075986
0 0.9110226155358898 0.4690780141843967 0.02476892822025571 0.014397163120567413
0 0.8991642084562439 0.5076291793313067 0.03648967551622409 0.03671732522796353
0 0.9268928220255653 0.5071023302938199 0.02448377581120953 0.03970618034447827