0 0.3936736736736736 0.021137965760322265 0.038408408408408416 0.035840886203423974
0 0.3857357357357358 0.0585800604229608 0.010240240240240258 0.01544813695871098
0 0.6386386386386387 0.026686807653575024 0.05005005005005005 0.05337361530715005
0 0.4025325325325325 0.1991641490433031 0.01513513513513514 0.021450151057401824
0 0.4357957957957958 0.36625377643504536 0.026206206206206156 0.030896273917421904
0 0.3966366366366366 0.48329305135951645 0.023683683683683652 0.029738167170191312
0 0.4233033033033033 0.49904330312185313 0.046186186186186175 0.05574018126888214
0 0.6316416416416416 0.511973816717019 0.02938938938938929 0.028429003021148053
0 0.6350950950950951 0.7366666666666669 0.02583583583583578 0.019496475327290937
0 0.3727327327327327 0.6048439073514603 0.05366366366366368 0.06630412890231613
0 0.38231231231231233 0.8525075528700906 0.04124124124124129 0.02761329305135959
0 0.4117017017017017 0.9610271903323264 0.0477877877877878 0.05469284994964748
0 0.6915415415415416 0.8612990936555891 0.04471471471471479 0.05809667673716017
0 0.6551251251251251 0.9345216515609265 0.055675675675675565 0.0466263846928499
0 0.6381381381381381 0.9707955689828801 0.057057057057057055 0.05840886203423968
0 0.8598198198198198 0.9538771399798588 0.0443443443443443 0.03480362537764345
0 0.8974174174174174 0.8470191339375631 0.024024024024024024 0.05725075528700897
0 0.8883083083083083 0.6206445115810677 0.043583583583583545 0.04205438066465256
0 0.8886186186186187 0.4973011077542801 0.05760760760760756 0.04685800604229604
0 0.9120520520520521 0.24104733131923478 0.016406406406406508 0.015981873111782483
0 0.9222222222222222 0.14340382678751268 0.049409409409409306 0.057814702920443085
0 0.8934134134134134 0.08814702920443122 0.059279279279279305 0.04784491440080563