0 0.3573844641101278 0.11423967774420953 0.046332350049164216 0.059456193353474324
0 0.5944346116027531 0.19488418932527737 0.058043264503441466 0.055589123867069476
0 0.3273549655850541 0.3277844914400803 0.04342182890855454 0.04540785498489429
0 0.3309242871189774 0.36343403826787546 0.03264503441494596 0.02852970795568987
0 0.5762438544739429 0.376032225579053 0.0551327433628318 0.0635850956696878
0 0.8043657817109144 0.25283987915407824 0.05526057030481814 0.06867069486404836
0 0.8254572271386431 0.21747230614300084 0.04437561455260581 0.05044310171198392
0 0.8427138643067846 0.09808660624370603 0.04722713864306782 0.04751258811681773
0 0.7989183874139626 0.9884189325276939 0.0599803343166175 0.023162134944612285
0 0.591937069813176 0.9843907351460222 0.05309734513274336 0.03121852970795569
0 0.806243854473943 0.9219234642497485 0.05529990167158309 0.041470292044310235
0 0.5614847590953785 0.8005740181268884 0.07675516224188786 0.0624974823766364
0 0.32218289085545726 0.8156998992950653 0.044847590953785654 0.058499496475327206