0 0.915417895771878 0.6088652482269502 0.033579154375614644 0.03659574468085095
0 0.9178859390363815 0.05719351570415405 0.03656833824975423 0.04565349544072948
0 0.6991838741396263 0.4128166160081052 0.033569321533923405 0.03534954407294832
0 0.6878761061946903 0.15854103343465048 0.02470993117010827 0.027507598784194506
0 0.6686332350049164 0.08916919959473173 0.03757128810226159 0.026413373860182363
0 0.4174041297935103 0.3065552178318137 0.02676499508357918 0.023363728470111395
0 0.4124778761061947 0.10894630192502554 0.05032448377581116 0.04580547112462006
0 0.4148967551622419 0.5527659574468085 0.025467059980334293 0.021499493414387057
0 0.443952802359882 0.6048632218844985 0.03067846607669621 0.026646403242147877
0 0.4036184857423796 0.7770618034447822 0.03042281219272375 0.03855116514690978
0 0.6574237954768929 0.7188551165146913 0.04046214355948878 0.04973657548125625
0 0.9267059980334317 0.936676798378926 0.03066863323500497 0.03383991894630202