0 0.10225172074729598 0.24130348258706488 0.035653883972468034 0.031203980099502503
0 0.36724680432645035 0.37209950248756224 0.048357915437561405 0.06576119402985078
0 0.58125860373648 0.3143880597014926 0.017472959685349048 0.036069651741293535
0 0.6145329400196657 0.25215920398009956 0.04939036381514259 0.04484577114427863
0 0.10866273352999016 0.16362189054726373 0.04060963618485743 0.03712437810945274
0 0.14695181907571292 0.19247761194029855 0.03865290068829892 0.03287562189054728
0 0.375653883972468 0.17654726368159188 0.049292035398230086 0.047004975124378116
0 0.351543756145526 0.12477611940298516 0.04822025565388394 0.041004975124378104
0 0.36485742379547687 0.05528358208955218 0.03354965585054081 0.02895522388059701
0 0.578141592920354 0.0413333333333333 0.041248770894788636 0.034845771144278614
0 0.5914454277286135 0.009950248756218905 0.04424778761061947 0.01990049751243781
0 0.3746116027531957 0.4701890547263681 0.04933136676499504 0.038945273631840784
0 0.36128810226155367 0.5218805970149252 0.052192723697148516 0.046915422885572176
0 0.596794493608653 0.5387661691542289 0.053195673549655764 0.05274626865671641
0 0.6065880039331367 0.5810447761194028 0.017895771878072807 0.01998009950248749
0 0.13046214355948876 0.5507761194029853 0.02655850540806292 0.025124378109452738
0 0.07974434611602745 0.9547363184079605 0.03545722713864307 0.02301492537313444
0 0.13274336283185842 0.88355223880597 0.039528023598820045 0.026009950248756318
0 0.34178957718780717 0.9526666666666666 0.04412979351032448 0.04091542288557203
0 0.5978564405113077 0.960646766169154 0.04350049164208457 0.03289552238805965
0 0.5693903638151425 0.823373134328358 0.025939036381514364 0.01683582089552246
0 0.5900294985250737 0.8041194029850744 0.039351032448377565 0.03593034825870637
0 0.11215339233038343 0.669134328358209 0.0436283185840708 0.04710447761194022
0 0.3589085545722714 0.7551840796019901 0.056971484759095435 0.04370149253731351
0 0.31959685349065875 0.6467562189054724 0.039537856440511346 0.033940298507462587
0 0.5841592920353982 0.6452338308457711 0.02778761061946902 0.037044776119403