0 0.6318686868686868 0.03940298507462678 0.017242424242424177 0.016676616915422892
0 0.8975353535353535 0.11096517412935367 0.013252525252525143 0.011213930348258717
0 0.6327575757575757 0.14523383084577118 0.03138383838383832 0.029960199004975138
0 0.38486868686868686 0.3552537313432833 0.03641414141414137 0.035910447761194064
0 0.3859090909090909 0.641761194029851 0.05063636363636363 0.04592039800995034
0 0.40654545454545454 0.6810646766169157 0.03764646464646463 0.0350348258706468
0 0.3686464646464646 0.5020497512437815 0.020353535353535332 0.01520398009950246
0 0.39836363636363636 0.5388955223880598 0.023474747474747485 0.02296517412935316
0 0.41175757575757577 0.5586467661691539 0.03553535353535348 0.03109452736318408
0 0.6212727272727272 0.3238606965174125 0.038494949494949394 0.03506467661691543
0 0.8763232323232323 0.8203283582089556 0.03134343434343432 0.025094527363184106
0 0.6677777777777778 0.7373432835820893 0.036525252525252606 0.043761194029850764
0 0.39341414141414144 0.8477014925373131 0.03337373737373734 0.03170149253731333
0 0.6474747474747474 0.9835820895522388 0.030303030303030304 0.03283582089552239
0 0.904989898989899 0.9875024875621886 0.01806060606060617 0.021034825870646867