0 0.6049754178957719 0.03134328358208955 0.07048180924287126 0.06079601990049751
0 0.5850835791543756 0.21595024875621865 0.04140609636184848 0.03397014925373133
0 0.5816224188790561 0.31393034825870647 0.024837758112094387 0.02907462686567167
0 0.3943362831858407 0.2651144278606961 0.02338249754178955 0.04706467661691541
0 0.08661750245821034 0.29306467661691515 0.025624385447394298 0.023154228855721375
0 0.09541789577187804 0.23585074626865646 0.03547689282202555 0.029950248756218927
0 0.35448377581120943 0.08514427860696488 0.044464110127826965 0.04893532338308458
0 0.33090462143559485 0.036338308457711875 0.05013765978367749 0.05488557213930348
0 0.10721730580137656 0.473721393034826 0.04131760078662733 0.04406965174129349
0 0.11692232055063921 0.5502089552238806 0.035496558505408074 0.02808955223880599
0 0.11851524090462141 0.8357412935323384 0.02268436578171091 0.023999999999999893
0 0.6203638151425763 0.9278407960199001 0.05908554572271378 0.06088557213930354
0 0.37348082595870197 0.6492238805970152 0.03721730580137662 0.05097512437810947
0 0.387472959685349 0.5541393034825869 0.039351032448377565 0.03781094527363184
0 0.37631268436578175 0.4887661691542289 0.023903638151425707 0.03162189054726366