0 0.8449494949494949 0.009950248756218905 0.03535353535353535 0.01990049751243781
0 0.9247575757575758 0.4896019900497514 0.02950505050505054 0.025870646766169153
0 0.6056060606060606 0.20894527363184057 0.04158585858585866 0.04980099502487563
0 0.37777777777777777 0.12039800995024875 0.014333333333333389 0.01999004975124377
0 0.3894141414141414 0.27706467661691525 0.021252525252525217 0.021094527363184123
0 0.40256565656565657 0.6373134328358209 0.0375555555555555 0.023452736318407896
0 0.38823232323232326 0.8123084577114427 0.041717171717171674 0.024985074626865573
0 0.3923737373737374 0.8397910447761192 0.033656565656565704 0.025970149253731253
0 0.6433535353535353 0.8988955223880596 0.04253535353535343 0.048815920398009895
0 0.6308888888888889 0.8041094527363185 0.04780808080808074 0.0500995024875621
0 0.6288080808080808 0.7188955223880595 0.04347474747474744 0.04894527363184085
0 0.8752626262626263 0.8437611940298507 0.029515151515151543 0.0340298507462687
0 0.8747979797979798 0.7756517412935325 0.028383838383838293 0.025014925373134426
0 0.8702020202020202 0.8064875621890547 0.0595959595959596 0.05682587064676607