0 0.8819960668633235 0.21013171225937194 0.04127826941986236 0.043667679837892624
0 0.8815142576204523 0.1337689969604863 0.024582104228121928 0.026504559270516728
0 0.8804621435594886 0.10629179331307 0.032497541789577145 0.030557244174265447
0 0.8785644051130777 0.011144883485309016 0.032448377581120944 0.022289766970618033
0 0.6484365781710915 0.1463424518743668 0.04613569321533931 0.04762917933130698
0 0.6710619469026549 0.08207700101317121 0.0543854473942969 0.0447821681864235
0 0.69070796460177 0.04000000000000002 0.04631268436578162 0.037689969604863226
0 0.6819075712881023 0.0025329280648429585 0.046214355948869225 0.005065856129685917
0 0.3947984267453294 0.20973657548125632 0.05224188790560472 0.054893617021276604
0 0.4188692232055064 0.2932421479229991 0.021612586037364816 0.02317122593718339
0 0.42525073746312686 0.5729685916919959 0.044395280235988176 0.039574468085106326
0 0.4204031465093412 0.7837082066869301 0.03450344149459197 0.029523809523809626
0 0.4429498525073747 0.7902938196555218 0.02062930186823994 0.020496453900709238
0 0.6671681415929204 0.7654711246200607 0.03839724680432641 0.04368794326241124
0 0.42283185840707965 0.8778622087132726 0.023549655850540852 0.029523809523809626
0 0.8908554572271387 0.8110030395136778 0.021622418879056055 0.027487335359675895
0 0.9007866273352999 0.6712360688956434 0.0315732546705997 0.0396453900709221
0 0.940039331366765 0.40468085106382984 0.02950835791543755 0.02951367781155015