0 0.6072272272272271 0.9219738167170196 0.045295295295295294 0.05872104733131918
0 0.13861861861861863 0.8134541792547837 0.03967967967967967 0.04789526686807648
0 0.11810810810810812 0.6193655589123864 0.04620620620620619 0.04048338368580065
0 0.14033033033033038 0.5100503524672705 0.038408408408408416 0.049194360523665624
0 0.0936336336336336 0.2188116817724066 0.044294294294294295 0.04603222557905335
0 0.3542142142142141 0.21144008056394767 0.05987987987987993 0.06380664652567977
0 0.36579579579579585 0.06326283987915378 0.05366366366366368 0.058781470292044315
0 0.12261261261261262 0.07367573011077529 0.066016016016016 0.0547029204431017
0 0.5953453453453453 0.155146022155086 0.05717717717717707 0.05453172205438066
0 0.6227027027027027 0.21889224572003996 0.04031031031031029 0.02975830815709971
0 0.6292592592592594 0.41098690835850926 0.03908908908908904 0.037220543806646564
0 0.6136736736736736 0.4486304128902314 0.04410410410410405 0.032205438066465274