0 0.3495476892822026 0.14473631840796022 0.032625368731563374 0.03874626865671642
0 0.3712881022615536 0.17308457711442768 0.05014749262536873 0.04379104477611939
0 0.6508554572271386 0.17103482587064708 0.039498525073746384 0.042029850746268665
0 0.6129990167158308 0.1494328358208958 0.04419862340216327 0.05021890547263683
0 0.611622418879056 0.08005970149253736 0.039360865290068804 0.038776119402985074
0 0.6359488692232055 0.11445771144278581 0.03808259587020651 0.03802985074626867
0 0.8259980334316617 0.13863681592039795 0.03736479842674533 0.03424875621890549
0 0.8491740412979352 0.10353233830845789 0.05029498525073755 0.03596019900497511
0 0.8003638151425763 0.10680597014925387 0.03943952802359872 0.0465771144278607
0 0.8594001966568339 0.04232835820895519 0.04919370698131757 0.032895522388059706
0 0.38352999016715833 0.4422786069651739 0.04722713864306782 0.05068656716417916
0 0.38641101278269424 0.51465671641791 0.03752212389380528 0.040328358208955195
0 0.3569518190757129 0.5899800995024879 0.027640117994100308 0.03001990049751251
0 0.3711799410029499 0.7045671641791046 0.024650934119960718 0.026189054726368097
0 0.8240117994100294 0.7004477611940296 0.04538839724680441 0.03774129353233837
0 0.8585152409046215 0.7088756218905473 0.025594886922320523 0.03687562189054721
0 0.632684365781711 0.3874825870646767 0.038239921337266565 0.040726368159203934
0 0.6219272369714848 0.9875621890547264 0.04031465093411996 0.024875621890547265
0 0.6189970501474926 0.8786467661691542 0.034444444444444416 0.040049751243781094
0 0.40707964601769914 0.9905472636815921 0.03343166175024582 0.01890547263681592