0 0.352015732546706 0.0015105740181268882 0.043264503441494594 0.0030211480362537764
0 0.5771878072763028 0.012588116817724069 0.021632251720747297 0.025176233635448138
0 0.11553588987217306 0.9798590130916415 0.05211406096361849 0.04028197381671702
0 0.09431661750245829 0.8646626384692847 0.023638151425762036 0.039546827794561916
0 0.08801376597836774 0.6143001007049346 0.058033431661750255 0.04050352467270899
0 0.08314650934119955 0.5649647532729106 0.04623402163225173 0.05452165156092659
0 0.09843657817109135 0.5146827794561932 0.03164208456243855 0.030392749244712997
0 0.0791052114060964 0.47674723061429997 0.03253687315634218 0.03349446122860019
0 0.09832841691248771 0.32886203423967814 0.05526057030481808 0.041238670694864095
0 0.308259587020649 0.0649345417925474 0.048377581120944 0.04736153071500503
0 0.3451130776794494 0.16207452165156053 0.045388397246804296 0.0464551863041289
0 0.33147492625368724 0.24012084592144975 0.035634218289085556 0.03944612286002013
0 0.35352015732546704 0.30055387713997966 0.04438544739429694 0.049536757301107806
0 0.34307767944936096 0.4230010070493454 0.021838741396263555 0.020473313192346465
0 0.31953785644051136 0.6646424974823765 0.055172074729596864 0.06656596173212478
0 0.30976401179941 0.7813192346424979 0.07084562438544735 0.07239677744209476
0 0.35371681415929207 0.7708761329305132 0.048053097345132745 0.08974823766364541
0 0.31609636184857426 0.8806344410876136 0.028456243854473998 0.02740181268882179
0 0.5692527040314651 0.2673615307150048 0.03958702064896754 0.043504531722054395
0 0.5461258603736481 0.46492447129909376 0.042458210422812254 0.047432024169184316
0 0.5403441494591937 0.5140986908358509 0.05041297935103243 0.05736153071500507
0 0.5590265486725663 0.5545417925478346 0.046647000983284226 0.043514602215508597
0 0.5703933136676499 0.6435045317220544 0.07288102261553578 0.06275931520644505
0 0.5909931170108161 0.6962537764350454 0.017787610619468947 0.025156092648539796
0 0.5836086529006883 0.73472306143001 0.05611602753195667 0.0698187311178247
0 0.5877089478859391 0.7643001007049344 0.04070796460177 0.036324269889224506
0 0.5746804326450344 0.8324672708962743 0.046273352999016665 0.03932527693856994