0 0.09833824975417894 0.36147029204430975 0.0630875122910521 0.06274924471299088
0 0.08998033431661749 0.18774420946626413 0.05228121927236973 0.06993957703927492
0 0.09044247787610621 0.055397784491440304 0.01766961651917404 0.018288016112789525
0 0.343716814159292 0.4239577039274922 0.06980334316617504 0.0485196374622356
0 0.34515240904621436 0.3474420946626387 0.03348082595870202 0.04440080563947637
0 0.3583087512291053 0.26130916414904287 0.04819075712881022 0.04957703927492449
0 0.3559488692232055 0.0005035246727089627 0.051130776794493606 0.0010070493454179255
0 0.5491150442477877 0.034279959718026144 0.04242871189773854 0.04647532729103727
0 0.5777581120943952 0.04278952668680743 0.0265781710914454 0.03739174219536757
0 0.5859587020648969 0.29850956696878156 0.055093411996066835 0.05335347432024171
0 0.6051032448377582 0.5115810674723061 0.03460176991150448 0.026223564954682744
0 0.6056637168141593 0.6157905337361527 0.05103244837758121 0.05165156092648536
0 0.32886922320550643 0.5719637462235649 0.05222222222222223 0.05841893252769385
0 0.359488692232055 0.6358811681772409 0.04444444444444449 0.05744209466263843
0 0.3387315634218289 0.7276032225579055 0.057994100294985265 0.05141993957703922
0 0.3154768928220255 0.8287814702920439 0.06528023598820058 0.0949043303121853
0 0.3549852507374631 0.9003826787512588 0.03937069813176004 0.04015105740181258
0 0.3898328416912488 0.8972608257804628 0.032674532940019686 0.030261832829808613
0 0.3224680432645035 0.9405840886203424 0.04729596853490661 0.05037260825780462
0 0.352015732546706 0.9697885196374623 0.043264503441494594 0.06042296072507553
0 0.38844641101278266 0.950664652567976 0.055211406096361826 0.06046324269889221
0 0.5771878072763028 0.9974823766364552 0.021632251720747297 0.005035246727089627
0 0.11999999999999997 0.5377240684793555 0.03546705998033431 0.03633434038267868
0 0.14261553588987214 0.5705035246727092 0.03154375614552604 0.027331319234642597
0 0.08556538839724678 0.6792547834843907 0.037600786627335306 0.03541792547834851
0 0.12289085545722715 0.7809566968781468 0.04735496558505407 0.04550855991943611
0 0.061307767944936 0.8661027190332325 0.057905604719764005 0.06657603222557895