0 0.1187193973634651 0.7094864048338368 0.024425612052730694 0.02726082578046318
0 0.3272222222222222 0.6970392749244712 0.031092278719397345 0.036424974823766436
0 0.341412429378531 0.6646223564954681 0.03516949152542375 0.036223564954682805
0 0.5822975517890773 0.6222960725075529 0.04449152542372881 0.054582074521651605
0 0.09130885122410548 0.5996576032225579 0.03778719397363465 0.03927492447129909
0 0.07439736346516007 0.4809164149043305 0.04540489642184557 0.04541792547834846
0 0.08289077212806024 0.20896273917421954 0.03213747645951035 0.037351460221550885
0 0.5564783427495292 0.3851460221550854 0.034048964218455824 0.039496475327291065
0 0.0951035781544256 0.9859013091641491 0.03766478342749529 0.028197381671701913
0 0.33291902071563084 0.7954682779456195 0.0406120527306968 0.05437059415911381
0 0.5234745762711865 0.8635649546827794 0.02830508474576266 0.03533736153071492
0 0.5466572504708097 0.8549949647532731 0.02343691148775904 0.030281973816716955
0 0.5597928436911488 0.9984894259818731 0.044256120527306965 0.0030211480362537764