0 0.16519191919191917 0.10856716417910416 0.015242424242424217 0.019940298507462678
0 0.18497979797979808 0.25127363184079576 0.042676767676767674 0.05279601990049749
0 0.18133333333333332 0.2949751243781093 0.031353535353535376 0.030945273631840818
0 0.14640404040404045 0.41347263681592034 0.04048484848484847 0.046845771144278646
0 0.18035353535353532 0.4099502487562189 0.031555555555555566 0.03964179104477615
0 0.17477777777777775 0.626885572139304 0.022272727272727284 0.026149253731343258
0 0.19035353535353539 0.7193333333333336 0.027373737373737397 0.02800995024875631
0 0.18327272727272734 0.8014825870646765 0.05375757575757578 0.05883582089552249
0 0.6772626262626262 0.03233830845771144 0.01513131313131315 0.017203980099502483
0 0.6640909090909092 0.5114029850746269 0.03342424242424234 0.02993034825870645
0 0.6813434343434344 0.5576517412935319 0.04148484848484842 0.04089552238805961