0 0.8187947269303201 0.12995971802618322 0.052118644067796524 0.05249748237663645
0 0.8432580037664783 0.07867069486404824 0.02738229755178901 0.03819738167170192
0 0.812165725047081 0.05236656596173213 0.0383804143126177 0.028328298086606238
0 0.8278060263653484 0.030201409869083595 0.015122410546139308 0.028177240684793558
0 0.8592278719397364 0.019133937562940583 0.038606403013182675 0.038267875125881166
0 0.5975141242937853 0.22713997985901305 0.03889830508474571 0.04334340382678753
0 0.35918079096045197 0.4828398791540786 0.030979284369114856 0.03730110775427992
0 0.38404896421845575 0.46001007049345416 0.0227024482109228 0.02453172205438068
0 0.6313747645951036 0.49958710976837856 0.03676082862523537 0.03628398791540783
0 0.796120527306968 0.4970090634441087 0.02742937853107355 0.03518630412890237
0 0.846045197740113 0.31364551863041296 0.0461770244821092 0.05155085599194366
0 0.604030131826742 0.7859818731117825 0.042532956685499126 0.03526686807653573
0 0.3784839924670433 0.7880563947633433 0.01910546139359695 0.037291037260825756
0 0.39834274952919024 0.6979355488418932 0.020649717514124248 0.02017119838872102