0 0.6095870206489676 0.04231621349446121 0.06701081612586046 0.054441087613293054
0 0.36635201573254667 0.27692849949647513 0.06812192723697146 0.07086606243705942
0 0.37243854473942967 0.38366565961732124 0.0811799410029498 0.06864048338368577
0 0.35593903638151425 0.4395770392749245 0.06884955752212388 0.05364551863041287
0 0.5816322517207473 0.5358509566968781 0.05982300884955744 0.09680765357502523
0 0.6067158308751229 0.4838771399798588 0.03329400196656824 0.03522658610271905
0 0.6563716814159292 0.5211077542799597 0.02267453294001961 0.02740181268882179
0 0.8007177974434612 0.5680161127895267 0.05404129793510328 0.04465256797583073
0 0.8333726647000983 0.1073816717019135 0.028407079646017797 0.03361530715005035
0 0.8480825958702065 0.019637462235649546 0.061946902654867256 0.03927492447129909
0 0.3568239921337266 0.7699295065458207 0.041386430678466105 0.05362537764350453
0 0.3682792527040315 0.733091641490433 0.06794493608652903 0.052588116817724094
0 0.8653294001966568 0.7285699899295064 0.01974434611602746 0.015266868076535833
0 0.605693215339233 0.9350352467270894 0.06493608652900684 0.04735146022155084
0 0.604228121927237 0.9869083585095669 0.0599803343166175 0.026183282980866064
0 0.8338053097345133 0.9442296072507552 0.0612094395280236 0.05564954682779455
0 0.8063028515240904 0.9708056394763346 0.04321533923303839 0.04233635448136955
0 0.7812192723697149 0.9974823766364552 0.028515240904621434 0.005035246727089627