0 0.4091891891891892 0.04865055387713992 0.06299299299299295 0.050926485397784486
0 0.6532032032032031 0.09038267875125881 0.04122122122122129 0.031188318227593152
0 0.6747047047047047 0.1700503524672708 0.02780780780780778 0.04516616314199398
0 0.6349449449449449 0.3884290030211481 0.048028028028028046 0.04518630412890232
0 0.6598998998998999 0.4851258811681773 0.0532532532532533 0.07186304128902311
0 0.3925325325325325 0.47665659617321243 0.029839839839839784 0.033635448136958686
0 0.42089089089089093 0.4966364551863042 0.02803803803803803 0.032839879154078565
0 0.43156156156156156 0.5432729103726083 0.02796796796796802 0.027331319234642597
0 0.3877077077077077 0.6125881168177241 0.02859859859859865 0.030543806646525607
0 0.4174874874874875 0.7154682779456194 0.03571571571571566 0.03291037260825787
0 0.40534534534534533 0.7905840886203424 0.060760760760760806 0.042950654582074616
0 0.40599599599599595 0.8897482376636455 0.043473473473473426 0.0491842900302114
0 0.6386386386386387 0.9974823766364552 0.05005005005005005 0.005035246727089627
0 0.9336936936936937 0.961520644511581 0.03299299299299303 0.03320241691842903
0 0.8617617617617618 0.5950654582074523 0.03785785785785779 0.037270896273917414
0 0.8696496496496496 0.633262839879154 0.027917917917918016 0.03597180261832832
0 0.904014014014014 0.6168177240684793 0.061911911911911824 0.06124874118831816
0 0.8657657657657657 0.19830815709969796 0.03577577577577579 0.05198388721047332
0 0.9004304304304304 0.14954682779456194 0.05350350350350355 0.033766364551863014
0 0.8837537537537538 0.032457200402819755 0.04707707707707705 0.033675730110775424
0 0.9030130130130131 0.09420946626384688 0.03487487487487479 0.03258811681772408
0 0.865975975975976 0.07659617321248735 0.06013013013013006 0.05977844914400806
0 0.9078878878878879 0.054632426988922456 0.019089089089089024 0.023877139979859022