0 0.11750245821042281 0.001519756838905775 0.04031465093411996 0.00303951367781155
0 0.6435004916420847 0.01465045592705171 0.030501474926253668 0.025359675785207703
0 0.41589970501474927 0.08050658561296863 0.021710914454277325 0.029311043566362723
0 0.6553392330383481 0.1371732522796356 0.038308751229105244 0.03342451874366769
0 0.6631956735496559 0.18641337386018214 0.056224188790560535 0.04472137791286726
0 0.6706489675516224 0.507021276595745 0.03764995083579151 0.037537993920972595
0 0.6430285152409047 0.41040526849037456 0.04141592920353972 0.04281661600810536
0 0.1848377581120944 0.5871124620060786 0.02944936086529006 0.03142857142857141
0 0.1578466076696165 0.5059878419452886 0.040176991150442494 0.03742654508611961
0 0.19128810226155354 0.1742958459979734 0.03849557522123891 0.040597771023302934
0 0.14756145526057024 0.07598784194528875 0.04340216322517206 0.04045592705167174