0 0.604228121927237 0.019133937562940583 0.0599803343166175 0.038267875125881166
0 0.603716814159292 0.05738167170191341 0.04147492625368738 0.058509566968781464
0 0.7812192723697149 0.01661631419939577 0.028515240904621434 0.03323262839879154
0 0.8033431661750245 0.08453172205438073 0.05328416912487714 0.0625679758308157
0 0.3387413962635202 0.32933534743202436 0.05801376597836775 0.05264853977844912
0 0.31859390363815143 0.4046626384692849 0.02744346116027529 0.044592145015105715
0 0.359960668633235 0.4234340382678749 0.02973451327433629 0.035498489425981876
0 0.3338249754178958 0.4853877139979857 0.05401179941002945 0.08072507552870094
0 0.6106784660766961 0.594712990936556 0.04341199606686341 0.02731117824773403
0 0.6101376597836775 0.5483182275931521 0.038416912487708885 0.039446122860020215
0 0.6047099311701082 0.4143605236656597 0.027512291052114078 0.03536757301107755
0 0.5992822025565389 0.34492447129909387 0.044572271386430606 0.0394864048338369
0 0.6056833824975418 0.23964753272910352 0.04342182890855465 0.05245720040281977
0 0.8156440511307768 0.5075528700906344 0.04624385447394294 0.050523665659617335
0 0.811740412979351 0.6213695871097683 0.05027531956735507 0.04237663645518623
0 0.5977777777777779 0.8075730110775429 0.051376597836774826 0.06060422960725082
0 0.6095476892822025 0.8611379657603224 0.03363815142576208 0.04836858006042293
0 0.8722123893805309 0.802124874118832 0.023677482792526967 0.023232628398791477