0 0.1663563563563564 0.9048136958710977 0.04586586586586586 0.03721047331319239
0 0.3852652652652654 0.8397683786505538 0.030590590590590536 0.03327291037260822
0 0.40457457457457463 0.7659919436052368 0.016396396396396392 0.026314199395770503
0 0.41459459459459463 0.7043202416918428 0.07289289289289283 0.07155085599194357
0 0.22374374374374373 0.5346928499496474 0.02762762762762765 0.0389929506545821
0 0.4120220220220219 0.13374622356495464 0.05151151151151155 0.05915407854984895
0 0.4062162162162162 0.050866062437059406 0.019149149149149145 0.022880161127895267
0 0.6633733733733734 0.022749244712990856 0.029259259259259277 0.03765357502517623
0 0.6842742742742742 0.09202416918429014 0.039009009009009034 0.050805639476334326
0 0.6682882882882881 0.5039476334340384 0.03324324324324328 0.03771399798590135
0 0.6628928928928929 0.5693856998992951 0.06748748748748756 0.056324269889224635
0 0.6534334334334334 0.7621752265861028 0.06134134134134132 0.054199395770392685