0 0.4408608608608609 0.37013091641490437 0.024954954954954905 0.02258811681772402
0 0.41932932932932937 0.3933232628398792 0.04109109109109105 0.04810674723061428
0 0.40386386386386386 0.4489224572004028 0.050430430430430426 0.044491440080563896
0 0.4104504504504505 0.6222759315206444 0.023313313313313277 0.019154078549848925
0 0.4333233233233233 0.7186002014098691 0.046006006006006045 0.05169184290030204
0 0.4195095095095095 0.7456294058408862 0.044834834834834796 0.0568277945619336
0 0.41711711711711713 0.9327492447129909 0.05800800800800805 0.062265861027190256
0 0.6555055055055056 0.9267774420946626 0.04116116116116105 0.039546827794561916
0 0.6684984984984985 0.9013796576032226 0.030070070070070034 0.03882175226586098
0 0.8948948948948949 0.9435750251762337 0.045425425425425534 0.06049345417925472
0 0.9108708708708709 0.5796173212487411 0.06256256256256257 0.06745216515609266
0 0.6763163163163163 0.4303021148036254 0.050350350350350306 0.063202416918429
0 0.8781781781781781 0.3267673716012085 0.06563563563563557 0.04729103726082582
0 0.6652052052052052 0.30865055387713997 0.0448648648648648 0.05185297079556899
0 0.640990990990991 0.16979859013091642 0.04575575575575579 0.03906344410876135