0 0.6588200589970501 0.10381965552178321 0.04142576204523118 0.04980749746707193
0 0.17895771878072764 0.07386018237082076 0.015821042281219246 0.0202532928064843
0 0.21583087512291052 0.0070921985815602835 0.04228121927236971 0.014184397163120567
0 0.176007866273353 0.004052684903748734 0.04129793510324484 0.008105369807497468
0 0.15829891838741397 0.5409929078014185 0.0393117010816126 0.03450861195542041
0 0.1548574237954769 0.40977710233029385 0.042261553588987234 0.03979736575481253
0 0.4091445427728613 0.2689564336372847 0.03171091445427729 0.06190476190476193
0 0.4193805309734513 0.851033434650456 0.030501474926253668 0.036616008105369906
0 0.44000983284169126 0.7674569402228977 0.03058997050147494 0.015248226950354564
0 0.41299901671583084 0.7228166160081054 0.02973451327433629 0.02754812563323207
0 0.6519272369714848 0.9153698074974671 0.04327433628318583 0.04577507598784201
0 0.6489183874139627 0.8631813576494428 0.05122910521140601 0.04859169199594735
0 0.6867748279252704 0.813049645390071 0.036273352999016815 0.031570415400202716
0 0.6509242871189774 0.5734447821681864 0.04146509341199614 0.032532928064842856
0 0.6568928220255653 0.48121580547112464 0.03944936086528996 0.04256332320162107
0 0.6504719764011799 0.4164336372847011 0.03644051130776789 0.05868287740628162
0 0.43215339233038347 0.9908814589665653 0.038348082595870206 0.0182370820668693
0 0.18092428711897737 0.9858156028368794 0.04523107177974434 0.028368794326241134
0 0.15727630285152414 0.917872340425532 0.01188790560471974 0.024447821681864344