0 0.3888787878787879 0.11991044776119425 0.016333333333333293 0.02108457711442786
0 0.39635353535353546 0.08462686567164197 0.03332323232323233 0.035910447761194036
0 0.6681818181818182 0.007462686567164179 0.03737373737373737 0.014925373134328358
0 0.6303030303030303 0.015422885572139304 0.048484848484848485 0.030845771144278607
0 0.6323030303030304 0.08065671641791039 0.04055555555555565 0.045960199004975125
0 0.6494747474747475 0.16923383084577107 0.038545454545454626 0.0400099502487562
0 0.6666565656565656 0.26165174129353236 0.03250505050505057 0.029950248756218927
0 0.6429898989898989 0.3463184079601992 0.02758585858585853 0.03200995024875618
0 0.3873939393939394 0.30898507462686586 0.011353535353535362 0.013273631840796052
0 0.15305050505050502 0.37362189054726347 0.019242424242424255 0.027094527363184098
0 0.15156565656565651 0.1761890547263683 0.034444444444444465 0.0338905472636816
0 0.1601717171717171 0.1517412935323383 0.021343434343434338 0.01693532338308456
0 0.13835353535353537 0.6869552238805969 0.022151515151515158 0.024915422885572105
0 0.1712323232323232 0.649273631840796 0.02744444444444446 0.03299502487562197
0 0.16809090909090918 0.7119303482587063 0.05173737373737376 0.03300497512437818
0 0.15608080808080807 0.7477910447761196 0.03760606060606062 0.03890547263681583
0 0.6449393939393939 0.4931144278606964 0.01324242424242414 0.019343283582089605
0 0.6308181818181818 0.52444776119403 0.04142424242424241 0.03789054726368157
0 0.654989898989899 0.6448557213930347 0.0293737373737373 0.03624875621890553
0 0.6722828282828283 0.703990049751244 0.015272727272727162 0.01901492537313423
0 0.6313131313131313 0.7578009950248757 0.01616161616161616 0.01893532338308455
0 0.35602020202020207 0.9119502487562191 0.033343434343434335 0.03695522388059711