0 0.22885885885885895 0.8941691842900302 0.03975975975975979 0.044904330312185214
0 0.12537537537537538 0.7016817724068479 0.02978978978978978 0.024189325276938553
0 0.1956756756756757 0.7729405840886203 0.03883883883883885 0.041137965760322165
0 0.4009509509509509 0.9541993957703927 0.025025025025025027 0.030020140986908302
0 0.41558558558558567 0.644441087613293 0.041581581581581546 0.04012084592145007
0 0.42015015015015017 0.6167573011077543 0.03372372372372378 0.04051359516616316
0 0.1961861861861862 0.6102416918429003 0.05167167167167168 0.06210473313192354
0 0.41717717717717717 0.39609264853977844 0.01802802802802802 0.018700906344410927
0 0.41383383383383393 0.4921248741188318 0.03162162162162165 0.03426988922457198
0 0.6566066066066066 0.6829707955689829 0.03018018018018027 0.03884189325276932
0 0.3750150150150151 0.13303121852970795 0.024194194194194153 0.02615307150050351
0 0.4280480480480479 0.05425981873111783 0.04088088088088091 0.050704934541792555
0 0.6533333333333334 0.9241490433031218 0.029189189189189273 0.026163141993957723
0 0.6560760760760761 0.9072608257804632 0.04708708708708705 0.0321651560926486
0 0.4214214214214214 0.9944612286002014 0.044044044044044044 0.011077542799597181