0 0.4182682682682682 0.9331017119838871 0.041231231231231284 0.0335246727089627
0 0.17966966966966968 0.9623665659617322 0.031451451451451465 0.029828801611278842
0 0.1479579579579579 0.8399194360523665 0.03424424424424422 0.049053373615307184
0 0.20574574574574572 0.805166163141994 0.04725725725725723 0.05314199395770391
0 0.17852852852852844 0.6898590130916414 0.05408408408408406 0.06510574018126897
0 0.1718918918918919 0.4945619335347431 0.030470470470470468 0.03843907351460218
0 0.17358358358358367 0.39702920443101714 0.05572572572572574 0.0649546827794562
0 0.18275275275275268 0.28413897280966777 0.04342342342342342 0.05115810674723057
0 0.1931731731731732 0.30872104733131916 0.06277277277277275 0.06206445115810674
0 0.4214214214214214 0.022155085599194362 0.044044044044044044 0.044310171198388724
0 0.42882882882882895 0.20475327291037254 0.060400400400400435 0.0463141993957704
0 0.42455455455455465 0.24020140986908356 0.034934934934934915 0.04209466263846927
0 0.6751251251251251 0.2536958710976839 0.07219219219219208 0.05754279959718025
0 0.41567567567567565 0.47582074521651563 0.047927927927927924 0.04588116817724063
0 0.4184784784784784 0.5450251762336354 0.03689689689689691 0.0311480362537765
0 0.38424424424424414 0.6293756294058409 0.04128128128128129 0.04683786505538771
0 0.6714414414414415 0.6901510574018126 0.058378378378378316 0.06168177240684793
0 0.4070270270270269 0.7325377643504533 0.03377377377377378 0.05410876132930515
0 0.6585385385385386 0.861127895266868 0.04216216216216205 0.03674723061430011
0 0.6691991991991991 0.9394763343403828 0.04508508508508505 0.03813695871097673