0 0.4257227138643068 0.06282674772036496 0.03739429695181905 0.034731509625126646
0 0.6623008849557521 0.03238095238095242 0.040422812192723596 0.04668693009118541
0 0.4085545722713864 0.2239311043566367 0.024591937069813167 0.030668693009118522
0 0.4075614552605703 0.29373860182370826 0.028574237954768874 0.030547112462006056
0 0.16813176007866273 0.28061803444782196 0.0296755162241888 0.030476190476190518
0 0.2069026548672567 0.12515704154002047 0.024621435594886942 0.019412360688956444
0 0.11750245821042281 0.9772036474164134 0.04031465093411996 0.04559270516717325
0 0.17061946902654865 0.9604154002026345 0.04840707964601772 0.05272543059777099
0 0.19765978367748277 0.8940222897669703 0.041337266470009855 0.041580547112461966
0 0.18391347099311697 0.7719351570415397 0.037443461160275304 0.03856129685916915
0 0.17846607669616518 0.5927051671732523 0.03245821042281218 0.0365552178318135
0 0.18189773844641102 0.4792806484295848 0.037689282202556525 0.040709219858155975
0 0.42725663716814155 0.5612462006079025 0.04035398230088492 0.07308004052684915
0 0.4081415929203539 0.4771833839918942 0.025535889872173086 0.03056737588652478
0 0.6460766961651917 0.7122593718338399 0.03925270403146516 0.0365552178318135
0 0.6504523107177974 0.5846099290780145 0.018702064896755143 0.01837892603850061
0 0.6376401179941004 0.4401621073961495 0.04046214355948878 0.04975683890577509