0 0.35239239239239234 0.9308056394763343 0.017317317317317272 0.025105740181268946
0 0.37124124124124114 0.9035045317220547 0.03995995995995992 0.04035246727089621
0 0.37629629629629635 0.8342900302114802 0.06396396396396394 0.06553877139979852
0 0.10892892892892886 0.8743605236656594 0.04197197197197198 0.04936555891238669
0 0.6280280280280282 0.9254582074521647 0.03135135135135129 0.06658610271903312
0 0.6043643643643644 0.6654783484390733 0.03795795795795803 0.047593152064451145
0 0.6134934934934936 0.6256294058408862 0.06843843843843833 0.05615307150050351
0 0.38128128128128136 0.6166868076535749 0.054034034034034055 0.06329305135951653
0 0.35896896896896885 0.5672608257804632 0.07200200200200206 0.039184290030211566
0 0.35831831831831834 0.5242195367573013 0.06839839839839844 0.05347432024169181
0 0.4148548548548549 0.30425981873111796 0.04510510510510505 0.06032225579053371
0 0.36036036036036034 0.2968680765357502 0.05982982982982981 0.061087613293051325
0 0.6327427427427427 0.4413091641490436 0.023693693693693767 0.02396777442094658
0 0.4008208208208209 0.08418932527693848 0.026416416416416403 0.020553877139979856
0 0.37827827827827837 0.03833836858006059 0.06585585585585582 0.0682980866062437
0 0.3973973973973974 0.008559919436052367 0.04604604604604605 0.017119838872104734