0 0.34964322120285424 0.0025484199796126403 0.046890927624872576 0.0050968399592252805
0 0.5699694189602448 0.2268399592252803 0.03498470948012226 0.05636085626911317
0 0.5719266055045871 0.1966360856269114 0.02254841997961253 0.022436289500509674
0 0.3516615698267075 0.37309887869520897 0.030744138634046857 0.022568807339449527
0 0.5948012232415902 0.5861365953109072 0.0315902140672783 0.03467889908256879
0 0.38734964322120286 0.5708460754332314 0.061376146788990865 0.07348623853211
0 0.33741080530071355 0.6901630988786952 0.02874617737003063 0.038848114169214985
0 0.09266055045871568 0.7808664627930683 0.03874617737003057 0.040948012232415974
0 0.09128440366972472 0.6325178389398572 0.05821610601427116 0.0481651376146789
0 0.13969418960244645 0.5760040774719674 0.041060142711518845 0.03270132517838933
0 0.09694189602446474 0.533098878695209 0.05305810397553518 0.04295616717635071
0 0.1044240570846076 0.27468909276248726 0.031681957186544325 0.027655453618756366
0 0.13763506625891944 0.21140672782874628 0.018379204892966346 0.02130479102956165
0 0.0499388379204893 0.21401630988786957 0.032640163098878704 0.044964322120285435
0 0.0891946992864424 0.0428236493374108 0.0581039755351682 0.0653007135575943
0 0.31144750254841996 0.9127828746177371 0.04994903160040775 0.03577981651376137