0 0.1453073170731708 0.9196432212028544 0.03214634146341462 0.025086646279306728
0 0.15624390243902447 0.8685932721712539 0.03314146341463417 0.03085626911314983
0 0.1647609756097562 0.8395208970438325 0.038331707317073194 0.031080530071355767
0 0.17031219512195117 0.7234658511722735 0.02290731707317075 0.018256880733945036
0 0.1725560975609755 0.5435372069317024 0.015580487804878076 0.020642201834862386
0 0.3937073170731707 0.24708460754332348 0.04169756097560977 0.04586136595310908
0 0.6299512195121951 0.3357390417940873 0.04965853658536594 0.06168195718654433
0 0.6384585365853659 0.2837308868501531 0.048731707317073214 0.033231396534148853
0 0.6402829268292682 0.2367074413863405 0.06015609756097569 0.04910295616717634
0 0.40995121951219515 0.1725484199796131 0.04359024390243898 0.03362895005096841
0 0.39365853658536587 0.09573904179408774 0.025336585365853686 0.030703363914373092
0 0.3795121951219512 0.1181855249745154 0.043668292682926824 0.04188583078491337
0 0.6526731707317073 0.06251783893985721 0.0381951219512196 0.044301732925586146
0 0.16304390243902428 0.0712742099898064 0.03967804878048782 0.032120285423037714