0 0.605045871559633 0.29668705402650375 0.021478083588175267 0.026605504587155986
0 0.6065647298674821 0.17836901121304746 0.042884811416921444 0.04893985728848113
0 0.587716615698267 0.14011213047910276 0.03170234454638115 0.03158002038735984
0 0.6284913353720692 0.13355759429153924 0.045983690112130375 0.03475025484199798
0 0.6253516819571866 0.07800203873598367 0.05213047910295627 0.04402650356778797
0 0.6233435270132518 0.016819571865443424 0.04383282364933741 0.03363914373088685
0 0.376605504587156 0.08006116207951067 0.04597349643221205 0.03580020387359838
0 0.13302752293577982 0.02089704383282365 0.05402650356778797 0.0417940876656473
0 0.5948012232415902 0.9908256880733946 0.03567787971457696 0.01834862385321101
0 0.6187563710499491 0.9801223241590215 0.03669724770642202 0.039755351681957186
0 0.10201834862385313 0.9163710499490316 0.0548012232415902 0.055188583078491435
0 0.14180428134556564 0.9642099898063204 0.06113149847094802 0.04494393476044844
0 0.1483995922528032 0.9228032619775743 0.04596330275229359 0.04630988786952096
0 0.11628950050968392 0.8469724770642203 0.0653007135575943 0.05916411824668702
0 0.12283384301732926 0.6034046890927621 0.03363914373088685 0.03487257900101941
0 0.10452599388379201 0.4127726809378188 0.049969418960244656 0.051070336391437335
0 0.3495616717635067 0.8012640163098879 0.024495412844036668 0.020642201834862386
0 0.3567482161060143 0.6008868501529054 0.02460754332313964 0.019439347604485156
0 0.3741386340468909 0.5188481141692148 0.03058103975535168 0.018460754332313922
0 0.3541794087665648 0.486197757390418 0.029622833843017275 0.03067278287461777
0 0.3425484199796126 0.42709480122324117 0.020468909276248767 0.014383282364933756
0 0.3237003058103975 0.39805300713557573 0.027624872579001043 0.03779816513761472
0 0.3700611620795107 0.3737003058103979 0.040846075433231446 0.033567787971457645
0 0.3587869520897044 0.3420285423037714 0.04276248725790015 0.029694189602446477
0 0.37109072375127417 0.3109378185524972 0.03881753312945978 0.04082568807339445
0 0.6238328236493375 0.7242201834862386 0.01827726809378192 0.02142711518858306
0 0.640183486238532 0.672222222222222 0.0284505606523956 0.021396534148827737
0 0.6263812436289501 0.6513149847094797 0.04991845056065242 0.032650356778797116
0 0.6315902140672782 0.507084607543323 0.06232415902140683 0.04597349643221199