0 0.3333537206931702 0.047971457696228285 0.03287461773700306 0.032354740061162075
0 0.3409785932721712 0.07945973496432217 0.023649337410805348 0.02868501529051987
0 0.5392252803261978 0.21254841997961285 0.028705402650356864 0.03384301732925585
0 0.6110703363914374 0.07996941896024469 0.05605504587155964 0.05394495412844037
0 0.8232008154943934 0.20742099898063202 0.04803261977573893 0.050071355759429156
0 0.8195514780835882 0.11764525993883777 0.0511314984709481 0.03769622833843018
0 0.8251172273190622 0.7951987767584099 0.05813455657492352 0.057033639143730934
0 0.8348929663608562 0.760428134556575 0.057135575942915344 0.04478083588175338
0 0.8148827726809378 0.6992660550458716 0.06638124362895018 0.07752293577981646
0 0.8119775739041794 0.6085626911314985 0.03573904179408761 0.034801223241590316
0 0.7930682976554536 0.9796126401630989 0.026503567787971458 0.040774719673802244
0 0.6319367991845055 0.9530988786952087 0.030652395514780773 0.03071355759429165
0 0.5712844036697248 0.8660142711518858 0.0337003058103975 0.021386340468909294
0 0.5729153924566769 0.8272579001019368 0.05519877675840988 0.05617737003058094
0 0.5529561671763507 0.6355351681957186 0.04801223241590205 0.06018348623853207
0 0.6090519877675841 0.6084913353720691 0.052150866462793155 0.05103975535168189
0 0.5539959225280326 0.4362996941896027 0.04600407747196749 0.05516819571865444
0 0.3196024464831804 0.37251783893985735 0.04184505606523951 0.041753312945973536
0 0.32927624872579 0.4836799184505604 0.04082568807339445 0.04804281345565749
0 0.3475739041794088 0.5999184505606524 0.049072375127420985 0.048124362895005136
0 0.310407747196738 0.7058205912334351 0.02366972477064223 0.027553516819571838
0 0.3186136595310907 0.7272782874617737 0.05209989806320083 0.0439041794087665
0 0.34404689092762486 0.7456982670744141 0.04996941896024463 0.05220183486238536
0 0.3327624872579001 0.21149847094801225 0.011304791029561704 0.0154841997961264