0 0.8649337410805301 0.13611620795107054 0.03566768603465852 0.03991845056065238
0 0.8333333333333334 0.016819571865443424 0.03160040774719674 0.03363914373088685
0 0.5846279306829766 0.3088583078491333 0.07230377166156988 0.06941896024464835
0 0.36651376146788994 0.3399796126401635 0.044036697247706466 0.035749235474006165
0 0.34505606523955146 0.24260958205912334 0.05606523955147808 0.053261977573904176
0 0.32781855249745157 0.13353720693170235 0.023425076452599405 0.02456676860346586
0 0.8552191641182467 0.9475331294597347 0.04498470948012243 0.04599388379204882
0 0.5907543323139653 0.9163506625891943 0.023496432212028497 0.024627930682976636
0 0.5866258919469929 0.8154638124362897 0.06621814475025488 0.06340468909276253
0 0.3389704383282365 0.904169215086646 0.029612640163098832 0.03274209989806309
0 0.35629969418960244 0.7919571865443423 0.03981651376146783 0.04492354740061156
0 0.3333129459734965 0.6855555555555553 0.050917431192660595 0.05623853211009182
0 0.3394903160040775 0.5794903160040771 0.053088685015290564 0.052110091743119154
0 0.33133537206931707 0.5213353720693173 0.018430173292558655 0.019245667686034713
0 0.5865953109072376 0.6466870540265032 0.05411824668705394 0.05404689092762485
0 0.5607339449541284 0.5744240570846078 0.05114169215086654 0.06034658511722737
0 0.6136391437308869 0.4102752293577977 0.05724770642201843 0.054097859327217175
0 0.8190825688073394 0.7833537206931704 0.0642609582059123 0.06418960244648321
0 0.8313149847094801 0.4758919469928648 0.04591233435270129 0.040672782874617716
0 0.8563812436289501 0.5126809378185521 0.050907237512742155 0.05106014271151883
0 0.8470234454638124 0.3909174311926603 0.04911314984709487 0.03791029561671769