0 0.4226341463414634 0.10394495412844036 0.023863414634146377 0.04323139653414883
0 0.43473170731707317 0.28312945973496434 0.02293658536585365 0.03352701325178388
0 0.41233170731707314 0.3191946992864424 0.032858536585365805 0.03182466870540268
0 0.41537560975609755 0.3581549439347605 0.02954146341463412 0.020754332313965354
0 0.42518048780487805 0.17312945973496432 0.013463414634146298 0.03112130479102959
0 0.4326341463414634 0.4541896024464832 0.03314146341463417 0.037482161060142696
0 0.40881951219512197 0.518460754332314 0.062185365853658546 0.06517838939857294
0 0.41622439024390245 0.8629051987767584 0.0278926829268293 0.03005096839959227
0 0.7013756097560976 0.9117940876656473 0.04573658536585377 0.04398572884811426
0 0.8911707317073171 0.8113455657492354 0.017658536585365765 0.028205912334352774
0 0.9066243902439024 0.29689092762487257 0.03263414634146346 0.04166156982670745