0 0.19073170731707317 0.6988481141692148 0.0137951219512195 0.01529051987767584
0 0.17438048780487805 0.6254841997961268 0.040312195121951215 0.039500509683995925
0 0.16350243902439016 0.4111111111111113 0.02767804878048781 0.02229357798165138
0 0.1532195121951219 0.43901121304791035 0.040839024390243915 0.036156982670744166
0 0.17399024390243895 0.3079510703363918 0.048790243902439016 0.04502548419979609
0 0.14681951219512196 0.1943323139653418 0.025999999999999978 0.025382262996941872
0 0.19422439024390237 0.11925586136595288 0.014360975609756124 0.01696228338430172
0 0.39634146341463417 0.19454638124362933 0.029190243902438986 0.032426095820591236
0 0.6685658536585366 0.3005198776758414 0.04214634146341468 0.058369011213047904
0 0.3907999999999999 0.3464831804281342 0.04479999999999996 0.057288481141692195
0 0.6703219512195121 0.5580632008154944 0.01541463414634142 0.019877675840978593
0 0.3773170731707317 0.8098470948012233 0.015385365853658519 0.024699286442405727