0 0.8302752293577982 0.012232415902140673 0.05198776758409786 0.024464831804281346
0 0.8633944954128441 0.8541896024464832 0.044964322120285324 0.04299694189602453
0 0.8603363914373089 0.7243017329255861 0.018328236493374127 0.017410805300713483
0 0.8319266055045872 0.8067787971457697 0.03287461773700306 0.017573904179408777
0 0.8155147808358817 0.5839755351681958 0.03469928644240567 0.020509683995922418
0 0.8272986748216107 0.6120489296636087 0.04991845056065242 0.03983690112130472
0 0.5825891946992864 0.29854230377166147 0.04188583078491327 0.02853211009174313
0 0.5381141692150866 0.3098267074413864 0.038786952089704334 0.03486238532110096
0 0.31812436289500506 0.04934760448521925 0.04503567787971453 0.05590214067278288
0 0.3267889908256881 0.5321406727828746 0.060214067278287514 0.059123343527013254
0 0.3323241590214067 0.45819571865443426 0.034668705402650345 0.03183486238532112
0 0.32714576962283387 0.7700815494393477 0.0388481141692151 0.03579001019367982
0 0.8435881753312945 0.9887461773700306 0.015453618756371133 0.020682976554536152
0 0.3154332313965341 0.9525178389398573 0.04188583078491338 0.05003058103975528