0 0.4009170731707318 0.9483893985728847 0.05153170731707322 0.04636085626911317
0 0.18019512195121956 0.8210907237512742 0.02290731707317075 0.03648318042813452
0 0.4028097560975611 0.5535575942915392 0.030078048780487844 0.039653414882772776
0 0.17454634146341472 0.5006829765545363 0.02037073170731707 0.02946992864424054
0 0.18264390243902442 0.4708154943934759 0.03901463414634147 0.03304791029561668
0 0.16546341463414627 0.3896228338430174 0.029619512195121964 0.03849133537206931
0 0.17278048780487795 0.3119673802242609 0.018741463414634126 0.02135575942915397
0 0.20682926829268292 0.006625891946992864 0.033170731707317075 0.013251783893985729
0 0.671219512195122 0.0005096839959225281 0.02926829268292683 0.0010193679918450561
0 0.6213463414634147 0.0674923547400612 0.010848780487804771 0.02376146788990826
0 0.6507219512195122 0.2703363914373089 0.0218048780487804 0.04005096839959225
0 0.6581463414634146 0.876605504587156 0.02485853658536587 0.022752293577981586