0 0.16236097560975618 0.8350356778797147 0.035112195121951226 0.04396534148827738
0 0.16193170731707318 0.7507951070336394 0.0343219512195122 0.04424057084607553
0 0.17502439024390254 0.6539551478083591 0.044380487804878056 0.05699286442405717
0 0.1785560975609756 0.5040061162079509 0.022878048780487794 0.024913353720693227
0 0.1632195121951219 0.4861365953109073 0.033775609756097565 0.026921508664627898
0 0.163190243902439 0.5197961264016311 0.028741463414634127 0.027217125382263042
0 0.3886048780487804 0.545249745158002 0.014595121951219548 0.017482161060142803
0 0.42202926829268284 0.5215188583078493 0.028087804878048746 0.033404689092762466
0 0.38178536585365846 0.685728848114169 0.02919999999999995 0.026717635066258957
0 0.41025365853658535 0.7028440366972475 0.036780487804878095 0.0383893985728849
0 0.4092682926829268 0.7935779816513762 0.03866341463414634 0.03512742099898067
0 0.40498536585365846 0.2884505606523953 0.028185365853658523 0.039347604485219186
0 0.13789268292682919 0.19172273190621808 0.0363609756097561 0.031233435270132504
0 0.6268975609756097 0.4479408766564728 0.03600975609756105 0.04382262996941897
0 0.6578634146341463 0.448511722731906 0.026829268292682926 0.04170234454638121
0 0.651560975609756 0.5724464831804283 0.0450634146341464 0.04617737003058099
0 0.6367219512195122 0.9643017329255862 0.02094634146341466 0.026595310907237428