0 0.6810926829268292 0.06889908256880725 0.02052682926829265 0.012426095820591232
0 0.43965853658536586 0.15244648318042833 0.03139512195121946 0.0413863404689093
0 0.4015512195121951 0.17781855249745163 0.030107317073170745 0.018715596330275242
0 0.38374634146341463 0.21860346585117207 0.024887804878048772 0.030530071355759417
0 0.6736585365853659 0.23192660550458713 0.04425365853658527 0.05235474006116209
0 0.4143024390243903 0.33730886850152914 0.018390243902439048 0.0199490316004078
0 0.42205853658536585 0.4474006116207952 0.03159999999999999 0.03982670744138639
0 0.6453658536585366 0.5786952089704381 0.02636097560975608 0.03057084607543324
0 0.4329560975609756 0.5266870540265034 0.043492682926829306 0.04201834862385324
0 0.41965853658536584 0.5596330275229358 0.05134634146341463 0.04234454638124359
0 0.6500878048780488 0.8196126401630989 0.03551219512195131 0.040101936799184425
0 0.8952780487804878 0.7578593272171255 0.026234146341463514 0.03085626911314983
0 0.8976097560975609 0.9260856269113148 0.030790243902438973 0.030815494393476063
0 0.9068780487804877 0.9651376146788992 0.0323804878048781 0.0377981651376146