0 0.7930682976554536 0.0045871559633027525 0.026503567787971458 0.009174311926605505
0 0.3282262996941896 0.06008154943934766 0.038929663608562745 0.030611620795107035
0 0.5810499490316003 0.9271253822629971 0.04283384301732924 0.047808358817533224
0 0.6120489296636086 0.8939449541284404 0.060132517838939865 0.055025484199796144
0 0.58710499490316 0.8644036697247707 0.04882772680937828 0.04096839959225286
0 0.5698980632008156 0.8241794087665647 0.06722731906218149 0.06033639143730892
0 0.3175229357798165 0.9333231396534151 0.04606523955147814 0.05013251783893992
0 0.3449949031600408 0.8139653414882773 0.02556574923547405 0.031661569826707384
0 0.3322324159021407 0.7996941896024465 0.018603465851172275 0.021437308868501502
0 0.37619775739041794 0.7329051987767584 0.03067278287461777 0.030774719673802298
0 0.3262283384301733 0.708328236493374 0.04491335372069311 0.05319062181447509
0 0.32870540265035675 0.6564729867482161 0.04394495412844038 0.0429663608562692
0 0.8354536187563711 0.8058205912334355 0.04809378185524981 0.04182466870540262
0 0.5947910295616717 0.7532212028542302 0.046055045871559695 0.05537206931702338
0 0.5545158002038736 0.6432110091743117 0.055015290519877705 0.05092762487257904
0 0.5795310907237513 0.6982059123343528 0.043781855249745205 0.0652905198776758
0 0.3445056065239551 0.4491029561671765 0.03662589194699281 0.035932721712538224
0 0.577400611620795 0.45414882772680937 0.029622833843017275 0.023527013251783937
0 0.5891641182466871 0.42456676860346587 0.03896024464831807 0.031651376146788944
0 0.8146075433231397 0.5052089704383284 0.036768603465851105 0.03811416921508669
0 0.8451681957186544 0.49335372069317024 0.03895005096839963 0.04306829765545362
0 0.8246890927624873 0.2645158002038734 0.020417940876656444 0.023639143730886877
0 0.5759021406727829 0.32102956167176333 0.0388685015290521 0.030611620795107007
0 0.581539245667686 0.25080530071355756 0.04992864424057086 0.04683995922528034
0 0.8333333333333334 0.9994903160040775 0.03160040774719674 0.0010193679918450561