0 0.6432097560975609 0.3234658511722729 0.015619512195121942 0.0258919469928644
0 0.6053073170731708 0.3741692150866467 0.03398048780487798 0.029561671763506627
0 0.6058634146341463 0.41825688073394535 0.03633170731707318 0.03211009174311927
0 0.6774829268292683 0.6522833843017333 0.04283902439024398 0.04617737003058099
0 0.6594243902439024 0.7493781855249748 0.03027317073170729 0.03281345565749241
0 0.8971707317073171 0.29780835881753276 0.020536585365853614 0.02389398572884817
0 0.9197365853658537 0.2848827726809381 0.025004878048780595 0.034821610601427085
0 0.9025560975609757 0.2613353720693169 0.015365853658536585 0.02450560652395514
0 0.6645073170731708 0.16836901121304798 0.040682926829268336 0.04340468909276247
0 0.6609756097560976 0.010193679918450561 0.024390243902439025 0.020387359836901122
0 0.4107707317073171 0.26946992864424096 0.022985365853658485 0.013985728848114196