0 0.42938536585365855 0.07453618756371039 0.026321951219512214 0.028053007135575948
0 0.40330731707317075 0.3218960244648318 0.028907317073170728 0.030387359836901065
0 0.40829268292682924 0.6189602446483181 0.026234146341463403 0.023282364933740998
0 0.6644 0.8626401630988787 0.0417463414634146 0.04032619775739036
0 0.41738536585365854 0.9793985728848114 0.03935609756097564 0.032538226299694266
0 0.9069560975609756 0.8799184505606524 0.027629268292682866 0.021610601427115236
0 0.9198243902439025 0.6275840978593273 0.060585365853658445 0.06159021406727836
0 0.9039707317073171 0.5735372069317024 0.031297560975609685 0.028053007135575923
0 0.8947121951219512 0.4875535168195718 0.03600975609756105 0.04490316004077467
0 0.8924195121951219 0.4409174311926605 0.04787317073170726 0.03437308868501532
0 0.6703024390243902 0.4001529051987767 0.03600975609756105 0.03534148827726805
0 0.6691414634146341 0.2592762487257899 0.02899512195121954 0.02734964322120287
0 0.6534243902439024 0.21488277268093778 0.02859512195121946 0.03224260958205912
0 0.7068780487804878 0.18223241590214065 0.048458536585365926 0.057900101936799196
0 0.6492487804878049 0.03212028542303771 0.039707317073170774 0.04873598369011213