0 0.12637104994903162 0.3042303771661568 0.057064220183486246 0.0521406727828746
0 0.06572884811416924 0.1156574923547401 0.052161060142711525 0.04389398572884812
0 0.33125382262996944 0.2777777777777778 0.030744138634046857 0.02981651376146789
0 0.34454638124362896 0.21203873598369033 0.02044852191641177 0.030733944954128418
0 0.3547604485219164 0.09377166156982648 0.038786952089704334 0.04703363914373087
0 0.5855759429153925 0.02443425076452602 0.03781855249745149 0.042762487257900106
0 0.6086238532110091 0.05507645259938835 0.04695208970438323 0.046992864424057076
0 0.5896636085626912 0.11163098878695231 0.03355759429153932 0.03164118246687053
0 0.5973496432212029 0.5402446483180429 0.04706422018348631 0.04092762487257903
0 0.3527319062181447 0.9291539245667686 0.03676860346585122 0.0519979612640163
0 0.35720693170234463 0.6825484199796126 0.03367991845056061 0.03182466870540268