0 0.21869268292682933 0.9616309887869521 0.04131707317073173 0.044281345565749294
0 0.20682926829268292 0.9887869520897044 0.033170731707317075 0.022426095820591234
0 0.19097560975609756 0.8443017329255861 0.025248780487804875 0.040428134556575006
0 0.3745268292682928 0.6868603465851172 0.042760975609756134 0.0388277268093781
0 0.3950341463414635 0.6673496432212028 0.020507317073170713 0.02778797145769622
0 0.638039024390244 0.629908256880734 0.024321951219512257 0.033741080530071264
0 0.37039024390243913 0.40095820591233433 0.0320487804878049 0.03589194699286446
0 0.4050048780487806 0.30782874617737005 0.04473170731707319 0.044291539245667734
0 0.6864292682926828 0.051600407747196736 0.030907317073170792 0.03586136595310906
0 0.6323804878048781 0.181131498470948 0.021697560975609764 0.027869520897043806
0 0.6345658536585367 0.34370030581039757 0.038429268292683026 0.055259938837920526
0 0.6462536585365855 0.9496738022426096 0.02721951219512204 0.03840978593272178
0 0.671219512195122 0.9831804281345565 0.02926829268292683 0.03363914373088685