0 0.3001936799184506 0.23038735983690112 0.017288481141692187 0.010112130479102973
0 0.30225280326197757 0.1651478083588175 0.02553516819571861 0.02257900101936797
0 0.30678899082568806 0.06419979612640163 0.049051987767584106 0.05310907237512743
0 0.3129051987767584 0.01071355759429154 0.05517838939857288 0.02142711518858308
0 0.3068603465851172 0.3149235474006116 0.028613659531090775 0.038786952089704334
0 0.30326197757390416 0.4144954128440367 0.017533129459735012 0.021569826707441352
0 0.3200407747196738 0.6539449541284403 0.04510703363914373 0.04408766564729868
0 0.3053414882772681 0.6870438328236493 0.045963302752293614 0.053088685015290446
0 0.3078797145769623 0.7446585117227319 0.04083588175331289 0.03780835881753305
0 0.5754230377166157 0.7813251783893986 0.07245667686034651 0.07253822629969427
0 0.560703363914373 0.5043425076452599 0.06940876656472979 0.05064220183486239
0 0.5815494393476045 0.47016309887869523 0.05829765545361881 0.05270132517838944
0 0.5785015290519877 0.29404689092762487 0.06425076452599386 0.06823649337410802
0 0.828256880733945 0.6614984709480122 0.021457696228338385 0.01643221202854219
0 0.7855147808358818 0.45819571865443426 0.03565749235474008 0.03576962283384305
0 0.8368399592252804 0.4479001019367992 0.046982670744138554 0.06017329255861363
0 0.7945056065239551 0.34342507645259934 0.027614678899082486 0.022426095820591234
0 0.8098063200815494 0.3761467889908257 0.04796126401630984 0.04682976554536193
0 0.7961569826707441 0.20589194699286442 0.05103975535168189 0.05893985728848113
0 0.7961671763506626 0.1661467889908257 0.04290519877675832 0.04072375127420998
0 0.8302752293577982 0.9867482161060143 0.05198776758409786 0.026503567787971458
0 0.563190621814475 0.9596941896024466 0.06217125382262998 0.05201834862385318