0 0.42893658536585366 0.087461773700306 0.029668292682926797 0.03432212028542305
0 0.4350731707317073 0.10882772680937841 0.043043902439024395 0.039001019367991836
0 0.40789268292682923 0.16283384301732903 0.019834146341463455 0.040316004077471976
0 0.4346243902439024 0.14718654434250752 0.033287804878048784 0.03522935779816514
0 0.6805268292682927 0.3029969418960242 0.019960975609756133 0.023955147808358817
0 0.40964878048780484 0.31290519877675843 0.023063414634146327 0.027563710499490277
0 0.6665463414634146 0.5558103975535168 0.026292682926829312 0.03543323139653414
0 0.41845853658536586 0.7279408766564727 0.02541463414634142 0.026452599388379253
0 0.6823512195121951 0.6976146788990822 0.02495609756097554 0.025586136595310813
0 0.43266341463414637 0.8765239551478082 0.04091707317073176 0.03409785932721717
0 0.6627317073170731 0.8955759429153929 0.03908292682926824 0.03205912334352706
0 0.6903414634146342 0.9074413863404687 0.03852682926829269 0.04583078491335376
0 0.9229951219512196 0.8126299694189598 0.017746341463414687 0.025198776758409813
0 0.9047512195121952 0.8343832823649335 0.020409756097561047 0.03084607543323139
0 0.8945170731707317 0.856931702344546 0.03793170731707328 0.050886850152905276
0 0.9177853658536586 0.7256065239551475 0.020165853658536657 0.024291539245667612
0 0.9139707317073171 0.6882059123343528 0.03241951219512197 0.040948012232415974
0 0.9006926829268294 0.4618042813455655 0.013473170731707264 0.013098878695208994
0 0.9019121951219513 0.3771967380224258 0.018058536585365846 0.020010193679918447
0 0.6609756097560976 0.9949031600407747 0.024390243902439025 0.010193679918450561