0 0.35072375127420996 0.026462793068297692 0.04904179408766566 0.03871559633027522
0 0.11723751274209988 0.5616615698267072 0.04507645259938839 0.050978593272171246
0 0.1254332313965341 0.5229153924566768 0.04882772680937818 0.0346075433231397
0 0.4001529051987767 0.913822629969419 0.02354740061162082 0.033730886850152825
0 0.6151376146788992 0.9311824668705401 0.019469928644240478 0.02562691131498481
0 0.6167380224260958 0.7068399592252802 0.057125382262996904 0.05407747196738018
0 0.6202956167176351 0.5071559633027523 0.048063200815494485 0.05010193679918454
0 0.5934250764525995 0.46641182466870557 0.05917431192660546 0.06427115188583074
0 0.6044648318042813 0.08209989806320078 0.04298674821610609 0.04180428134556574
0 0.36499490316004074 0.5523853211009173 0.0388481141692151 0.03670744138634046
0 0.3221406727828746 0.5182670744138634 0.05295616717635071 0.04784913353720699
0 0.1441590214067279 0.07904179408766561 0.05815494393476046 0.04581039755351682
0 0.1116615698267074 0.2660958205912334 0.02556574923547399 0.028501529051987776
0 0.14534148827726803 0.27728848114169213 0.05215086646279305 0.06134556574923545
0 0.3405606523955147 0.254841997961264 0.04895005096839957 0.050998980632008126
0 0.3746890927624872 0.09073394495412866 0.03379204892966359 0.02874617737003057
0 0.33999999999999997 0.0800203873598369 0.04574923547400611 0.02971457696228339
0 0.6233435270132518 0.9959225280326198 0.04383282364933741 0.00815494393476045
0 0.13302752293577982 0.9928644240570846 0.05402650356778797 0.014271151885830785