0 0.10750254841997965 0.7864322120285423 0.023577981651376142 0.029622833843017275
0 0.10763506625891939 0.5550050968399592 0.013353720693170229 0.013282364933741053
0 0.07747196738022426 0.44184505606523955 0.047094801223241584 0.05220183486238536
0 0.10035677879714582 0.3954740061162079 0.02982670744138633 0.02047910295616721
0 0.3155657492354739 0.803690112130479 0.03175331294597347 0.04183486238532107
0 0.3235983690112131 0.7461977573904179 0.04192660550458715 0.042782874617737034
0 0.6100509683995923 0.7003567787971458 0.03986748216106004 0.0367176350662589
0 0.5836595310907237 0.48462793068297655 0.04396534148827738 0.041855249745158064
0 0.612579001019368 0.36392456676860346 0.055127420998980554 0.04912334352701331
0 0.3629357798165137 0.9519775739041794 0.03494393476044849 0.0365953109072376
0 0.34964322120285424 0.9775739041794088 0.046890927624872576 0.04485219164118247