0 0.19786952089704374 0.0473973973973973 0.020713557594291533 0.023823823823823823
0 0.19320081549439344 0.06648648648648656 0.030489296636085652 0.031391391391391396
0 0.20055045871559635 0.24227227227227247 0.03792048929663607 0.038588588588588574
0 0.6893883792048929 0.2266666666666667 0.029123343527013186 0.0375775775775776
0 0.6753109072375127 0.31455455455455433 0.04038735983690101 0.04276276276276279
0 0.43259938837920503 0.3800400400400399 0.044281345565749294 0.04638638638638642
0 0.19588175331294605 0.34934934934934936 0.03873598369011213 0.030080080080080035
0 0.6750866462793068 0.42200200200200194 0.03855249745157995 0.03162162162162165
0 0.6848725790010193 0.47193193193193195 0.026921508664628013 0.03341341341341341
0 0.6826503567787973 0.5354154154154155 0.050010193679918394 0.04060060060060055
0 0.5156982670744139 0.6278078078078076 0.020703363914373035 0.018488488488488514
0 0.45721712538226295 0.6054354354354353 0.03613659531090729 0.042812812812812795
0 0.4568093781855251 0.6867467467467467 0.02142711518858306 0.01409409409409402
0 0.46324159021406736 0.753083083083083 0.022038735983690116 0.02509509509509503
0 0.44955147808358814 0.7382182182182182 0.025219164118246696 0.03183183183183179
0 0.20823649337410802 0.7426226226226227 0.024077471967380228 0.02843843843843852
0 0.17346585117227326 0.774784784784785 0.03522935779816514 0.03062062062062054
0 0.43934760448521915 0.9271371371371372 0.02706422018348619 0.034754754754754785
0 0.43462793068297645 0.9542442442442443 0.04094801223241586 0.037187187187187276
0 0.4525993883792049 0.9984984984984985 0.05708460754332314 0.003003003003003003