0 0.7252803261977574 0.02246246246246206 0.03057084607543324 0.03539539539539539
0 0.7075433231396533 0.2598598598598602 0.04135575942915386 0.047207207207207176
0 0.16456676860346592 0.059689689689689795 0.023832823649337406 0.015395395395395391
0 0.21326197757390422 0.0724624624624628 0.04499490316004076 0.037057057057057065
0 0.19592252803261984 0.1060660660660661 0.02281345565749235 0.02068068068068068
0 0.18867482161060134 0.16253253253253241 0.029011213047910274 0.0239139139139139
0 0.22664627930682968 0.44228228228228245 0.023843017329255846 0.0224124124124124
0 0.2114882772680938 0.6630830830830832 0.02196738022426097 0.020700700700700764
0 0.47459734964322114 0.7634334334334335 0.04156982670744136 0.029449449449449522
0 0.6763914373088684 0.5469169169169168 0.02532110091743111 0.029989989989990026
0 0.7039959225280326 0.6343743743743742 0.028267074413863422 0.023883883883883784
0 0.7100917431192659 0.6664464464464462 0.0299592252803263 0.03482482482482479
0 0.1926605504587156 0.991991991991992 0.022426095820591234 0.016016016016016016