0 0.7029765545361875 0.385035035035035 0.021936799184505588 0.020490490490490516
0 0.7048725790010194 0.516046046046046 0.042293577981651384 0.03340340340340335
0 0.423893985728848 0.3944844844844845 0.02715596330275228 0.03462462462462466
0 0.4364118246687053 0.6585485485485485 0.03938837920489295 0.02546546546546552
0 0.1792762487257899 0.4397097097097097 0.018379204892966333 0.02366366366366365
0 0.18138634046890934 0.4644644644644645 0.028695208970438306 0.02201201201201202
0 0.19564729867482167 0.4858758758758759 0.041213047910295626 0.029779779779779778
0 0.19461773700305818 0.5070970970970972 0.031467889908256885 0.025585585585585588
0 0.18481141692150863 0.9376176176176175 0.036156982670744166 0.03154154154154153
0 0.19334352701325186 0.7471971971971972 0.022008154943934734 0.01816816816816826
0 0.4404791029561671 0.8568368368368369 0.043272171253822676 0.036626626626626545
0 0.4180122324159021 0.9129529529529529 0.03730886850152908 0.02886886886886879
0 0.4198980632008156 0.9403203203203203 0.037339449541284396 0.03979979979979979
0 0.43730886850152906 0.9819819819819819 0.03669724770642202 0.036036036036036036
0 0.4215086646279307 0.997997997997998 0.0417940876656473 0.004004004004004004