0 0.7530724637681159 0.1475175175175174 0.04428985507246369 0.049919919919919925
0 0.9588115942028985 0.29430430430430454 0.024231884057970943 0.02856856856856853
0 0.9840579710144928 0.476976976976977 0.03188405797101449 0.04504504504504504
0 0.9922705314009662 0.5690690690690691 0.015458937198067632 0.03903903903903904
0 0.504743961352657 0.44095095095095116 0.03831884057971017 0.05713713713713718
0 0.7324734299516908 0.5888088088088086 0.035072463768115895 0.03334334334334329
0 0.5022898550724638 0.8966166166166164 0.03342028985507244 0.025285285285285276
0 0.5103574879227053 0.9477177177177177 0.02004830917874396 0.024784784784784776
0 0.5024154589371981 0.9914914914914915 0.02318840579710145 0.01701701701701702
0 0.7351111111111112 0.9471171171171172 0.04902415458937199 0.03818818818818828
0 0.9908212560386473 0.8143143143143143 0.018357487922705314 0.02702702702702703
0 0.972463768115942 0.9834834834834835 0.05507246376811594 0.03303303303303303