0 0.9753623188405797 0.015515515515515516 0.03768115942028986 0.031031031031031032
0 0.7314009661835749 0.01701701701701702 0.04251207729468599 0.03403403403403404
0 0.5028985507246376 0.006006006006006006 0.04154589371980676 0.012012012012012012
0 0.5285024154589372 0.002002002002002002 0.04057971014492753 0.004004004004004004
0 0.7593526570048309 0.15271271271271267 0.05298550724637673 0.049689689689689676
0 0.5363478260869565 0.2882082082082083 0.04397101449275361 0.04052052052052054
0 0.49972946859903383 0.3565265265265266 0.028202898550724692 0.04079079079079079
0 0.5344734299516908 0.3813613613613614 0.01932367149758454 0.03477477477477479
0 0.9898550724637681 0.30930930930930933 0.020289855072463767 0.03203203203203203
0 0.7479033816425121 0.456066066066066 0.025265700483091874 0.0214314314314314
0 0.7571497584541063 0.5105705705705705 0.012599033816425086 0.012442442442442449
0 0.9835748792270531 0.501001001001001 0.03285024154589372 0.02702702702702703
0 0.504840579710145 0.6045345345345347 0.016801932367149854 0.022802802802802776