0 0.003864734299516908 0.17467467467467468 0.007729468599033816 0.02702702702702703
0 0 0.2062062062062062 0 0.05805805805805806
0 0.013043478260869565 0.2047047047047047 0.02608695652173913 0.05105105105105105
0 0.25888888888888895 0.3227627627627628 0.02844444444444447 0.03812812812812816
0 0.4938840579710146 0.2711111111111111 0.03712077294685992 0.036446446446446415
0 0.7471884057971013 0.3538238238238238 0.020115942028985447 0.03443443443443441
0 0.7392173913043477 0.4886986986986987 0.03238647342995167 0.04108108108108104
0 0.5195748792270531 0.5540040040040041 0.03872463768115935 0.04357357357357355
0 0.47109178743961344 0.6664964964964966 0.0381449275362319 0.04860860860860856
0 0.011594202898550725 0.42842842842842843 0.02318840579710145 0.03803803803803804
0 0 0.5585585585585585 0 0.04604604604604605
0 0.719391304347826 0.7807207207207207 0.03674396135265698 0.04708708708708705
0 0.7248695652173913 0.9224924924924925 0.05434782608695652 0.0493693693693693
0 0.0014492753623188406 0.8673673673673674 0.002898550724637681 0.03303303303303303
0 0.011111111111111112 0.9074074074074074 0.022222222222222223 0.04104104104104104