0 0.4190214067278287 0.053803803803803806 0.04150866462793071 0.03783783783783784
0 0.68144750254842 0.0015015015015015015 0.03160040774719674 0.003003003003003003
0 0.8990825688073395 0.0025025025025025025 0.04281345565749235 0.005005005005005005
0 0.9475535168195718 0.07155155155155157 0.03410805300713561 0.021621621621621616
0 0.9225178389398573 0.17415415415415417 0.04156982670744136 0.038328328328328345
0 0.9261467889908256 0.35185185185185186 0.01866462793068292 0.012712712712712758
0 0.9180020387359836 0.6341541541541541 0.030152905198776683 0.02557557557557553
0 0.8749643221202854 0.8097797797797796 0.016228338430173368 0.016646646646646755
0 0.42916411824668704 0.3246646646646648 0.01899082568807339 0.015305305305305269
0 0.4243323139653415 0.4069069069069069 0.03004077471967383 0.02953953953953953
0 0.6825484199796127 0.456956956956957 0.03905198776758404 0.04310310310310305
0 0.6698776758409786 0.5020120120120122 0.03637104994903167 0.029189189189189214
0 0.43477064220183487 0.5894094094094096 0.021600407747196793 0.01852852852852852
0 0.43321100917431193 0.6206906906906908 0.03110091743119265 0.028458458458458524
0 0.40827726809378184 0.8574174174174174 0.016687054026503573 0.015515515515515516
0 0.4131804281345566 0.937977977977978 0.030112130479102918 0.02863863863863854