0 0.1914169215086646 0.03969969969969955 0.035147808358817555 0.032092092092092094
0 0.18965341488277263 0.08153153153153135 0.018797145769622832 0.01489489489489489
0 0.4525993883792049 0.025025025025025027 0.05708460754332314 0.05005005005005005
0 0.4559327217125382 0.07365365365365358 0.04203873598369012 0.041641641641641636
0 0.1967584097859327 0.17007007007007016 0.02325178389398573 0.026666666666666655
0 0.22707441386340468 0.32911911911911906 0.046676860346585136 0.03916916916916916
0 0.441743119266055 0.20028028028028022 0.04466870540265041 0.07043043043043044
0 0.436289500509684 0.2882682682682683 0.031019367991845005 0.04842842842842843
0 0.7054638124362894 0.21743743743743724 0.029327217125382245 0.04771771771771773
0 0.6982059123343528 0.3278678678678678 0.03491335372069317 0.027337337337337283
0 0.6868297655453619 0.47437437437437446 0.025728848114169225 0.032042042042042036
0 0.443190621814475 0.46887887887887875 0.030774719673802298 0.03553553553553553
0 0.4590927624872578 0.5305505505505506 0.05840978593272167 0.04989989989989987
0 0.44177370030581053 0.5792592592592591 0.03010193679918448 0.027877877877877787
0 0.19777777777777775 0.8102102102102103 0.020509683995922533 0.03431431431431429
0 0.4419266055045871 0.8286486486486488 0.037757390417940837 0.04479479479479479
0 0.45557594291539255 0.8542442442442442 0.04116207951070336 0.03936936936936929
0 0.6863098878695209 0.9366866866866866 0.033914373088684995 0.0388988988988988
0 0.43841997961264007 0.9826726726726728 0.02877675840978595 0.031821821821821784