0 0.41131498470948014 0.0025025025025025025 0.05198776758409786 0.005005005005005005
0 0.41009174311926605 0.3919019019019019 0.02409785932721711 0.019469469469469515
0 0.41144750254842 0.6166366366366366 0.03640163098878699 0.038388388388388296
0 0.6686034658511723 0.6845545545545545 0.015005096839959254 0.016576576576576522
0 0.6677981651376147 0.5204404404404405 0.014719673802242665 0.020370370370370337
0 0.4048114169215087 0.1440040040040039 0.02299694189602441 0.03152152152152153
0 0.9022120285423039 0.047137137137137054 0.03964322120285433 0.03740740740740741
0 0.9180632008154944 0.5634434434434435 0.045871559633027525 0.040640640640640546
0 0.897533129459735 0.6024024024024024 0.0564729867482162 0.03903903903903904
0 0.9561671763506626 0.9954954954954955 0.040774719673802244 0.009009009009009009
0 0.6778899082568808 0.9781781781781782 0.033241590214067175 0.026786786786786778
0 0.4079204892966361 0.8158358358358359 0.029225280326197714 0.030570570570570534