0 0.49887922705314014 0.04106106106106104 0.0208212560386473 0.02353353353353354
0 0.5002705314009661 0.07523523523523509 0.02504347826086958 0.022692692692692702
0 0.5143478260869565 0.09806806806806787 0.036396135265700555 0.031081081081081093
0 0.505816425120773 0.2116216216216215 0.02441545893719805 0.031121121121121097
0 0.5014299516908213 0.3511511511511513 0.01786473429951692 0.015545545545545518
0 0.4771594202898551 0.6005705705705708 0.03130434782608693 0.04012012012012005
0 0.502 0.6035335335335338 0.028212560386473472 0.03765765765765755
0 0.7028115942028985 0.675365365365365 0.015884057971014547 0.027857857857857785
0 0.7313043478260869 0.6832032032032036 0.02525603864734309 0.030510510510510527
0 0.7353333333333334 0.5960660660660663 0.04832850241545892 0.0453053053053053
0 0.9681642512077294 0.5021021021021025 0.034396135265700394 0.03570570570570572
0 0.9430917874396135 0.49762762762762774 0.012541062801932385 0.010860860860860884
0 0.9556714975845411 0.5540340340340336 0.024009661835748704 0.027347347347347284
0 0.9898550724637681 0.5915915915915916 0.020289855072463767 0.026026026026026026
0 0.961207729468599 0.6436736736736735 0.0388212560386474 0.040460460460460534
0 0.7087536231884057 0.8599499499499501 0.03628985507246372 0.03637637637637629
0 0.48266666666666663 0.731901901901902 0.02415458937198062 0.01886886886886878
0 0.5360579710144928 0.749439439439439 0.01586473429951698 0.014364364364364274
0 0.47945893719806765 0.9120320320320319 0.021690821256038693 0.023673673673673765
0 0.5033816425120773 0.9854854854854855 0.03285024154589372 0.02902902902902903