0 0.7255458937198068 0.1439439439439439 0.03353623188405801 0.027967967967967966
0 0.7291111111111113 0.4166466466466467 0.03841545893719806 0.0273773773773774
0 0.7243671497584542 0.015505505505505515 0.023004830917874343 0.023583583583583586
0 0.5082995169082125 0.0209409409409409 0.04490821256038649 0.040640640640640636
0 0.47148792270531403 0.13363363363363365 0.03529468599033814 0.04915915915915917
0 0.4739033816425121 0.2555155155155155 0.014367149758454111 0.0178278278278278
0 0.26735265700483096 0.20594594594594595 0.05224154589371983 0.05581581581581581
0 0.2768019323671498 0.4159859859859859 0.04187439613526573 0.04302302302302304
0 0.4730144927536231 0.4945145145145145 0.04979710144927533 0.044294294294294295
0 0.2799033816425121 0.6002402402402404 0.020173913043478257 0.015895895895896007
0 0.26945893719806774 0.6210910910910911 0.03702415458937203 0.03911911911911905
0 0.010628019323671498 0.30930930930930933 0.021256038647342997 0.03203203203203203
0 0 0.501001001001001 0 0.02702702702702703
0 0.7315265700483092 0.8289189189189189 0.037913043478260876 0.03867867867867878
0 0.46654106280193225 0.7972172172172173 0.036811594202898576 0.035145145145145044
0 0.44576811594202886 0.8375875875875876 0.03410628019323667 0.030950950950951024
0 0.268647342995169 0.7221521521521522 0.04095652173913042 0.04352352352352354
0 0.26266666666666655 0.7671771771771773 0.062425120772946874 0.053423423423423315
0 0.4748792270531401 0.997997997997998 0.018357487922705314 0.004004004004004004