0 0.9128440366972477 0.001001001001001001 0.04383282364933741 0.002002002002002002
0 0.6811111111111111 0.04903903903903882 0.04766564729867481 0.036166166166166164
0 0.6879001019367992 0.08099099099099084 0.04480122324159026 0.036376376376376376
0 0.41437308868501527 0.33682682682682663 0.026085626911315017 0.015355355355355387
0 0.42765545361875634 0.3495695695695698 0.03813455657492351 0.018418418418418396
0 0.4303567787971458 0.3672572572572576 0.019051987767584152 0.022802802802802776
0 0.4153414882772681 0.38629629629629614 0.0341794087665647 0.026416416416416403
0 0.9420285423037716 0.30344344344344376 0.04141692150866474 0.03245245245245241
0 0.710815494393476 0.539039039039039 0.0284097859327216 0.015625625625625524
0 0.6752191641182467 0.6747147147147147 0.022609582059123407 0.027467467467467522
0 0.6597349643221203 0.7019519519519519 0.021651376146789 0.034294294294294286
0 0.7034760448521916 0.8497697697697698 0.02061162079510706 0.02457457457457453
0 0.4507951070336392 0.26131131131131147 0.020173292558613623 0.03732732732732732