0 0.5201159420289856 0.38505505505505505 0.02127536231884056 0.016426426426426395
0 0.9783381642512078 0.15395395395395398 0.03605797101449269 0.032042042042042036
0 0.9893719806763285 0.17467467467467468 0.021256038647342997 0.02702702702702703
0 0.9782608695652174 0.2062062062062062 0.043478260869565216 0.05805805805805806
0 0.9956521739130435 0.2047047047047047 0.008695652173913044 0.05105105105105105
0 0.981352657004831 0.37424424424424424 0.016212560386473514 0.019459459459459514
0 0.9942028985507246 0.42842842842842843 0.011594202898550725 0.03803803803803804
0 0.9792270531400966 0.5585585585585585 0.04154589371980676 0.04604604604604605
0 0.7674782608695653 0.385025025025025 0.035198067632850306 0.047187187187187174
0 0.5709565217391305 0.5342742742742743 0.017632850241545893 0.021691691691691765
0 0.5439420289855073 0.5873973973973974 0.026985507246376873 0.022332332332332276
0 0.7578067632850242 0.6255755755755756 0.0457004830917874 0.0483683683683683
0 0.5305217391304348 0.7939939939939941 0.030473429951690785 0.033303303303303285
0 0.7585410628019325 0.7657057057057057 0.040908212560386396 0.03943943943943953
0 0.7262995169082126 0.827977977977978 0.03775845410628012 0.026086086086086032
0 0.7465893719806763 0.8405805805805806 0.044676328502415465 0.02877877877877878
0 0.7436811594202899 0.868008008008008 0.03999033816425131 0.04425425425425429
0 0.7251884057971015 0.9422222222222222 0.04282125603864728 0.046136136136136055
0 0.7591014492753623 0.9533433433433434 0.03828019323671487 0.041941941941942035
0 0.9835748792270531 0.8673673673673674 0.03285024154589372 0.03303303303303303
0 0.9922705314009662 0.9074074074074074 0.015458937198067632 0.04104104104104104
0 0.9753623188405797 0.9954954954954955 0.03768115942028986 0.009009009009009009
0 0.7314009661835749 0.9934934934934935 0.04251207729468599 0.013013013013013013
0 0.5028985507246376 0.9734734734734735 0.04154589371980676 0.05305305305305305
0 0.5285024154589372 0.9764764764764765 0.04057971014492753 0.04704704704704705