0 0.43730886850152906 0 0.03669724770642202 0
0 0.4215086646279307 0.018518518518518517 0.0417940876656473 0.037037037037037035
0 0.4180632008154943 0.1600300300300299 0.025219164118246696 0.03165165165165166
0 0.6802854230377166 0.16828828828828818 0.03850152905198775 0.04244244244244242
0 0.6945667686034658 0.26602602602602604 0.03182466870540268 0.03440440440440441
0 0.6550152905198776 0.3174174174174173 0.03229357798165144 0.02633633633633628
0 0.7160040774719675 0.33304304304304305 0.026350662589194607 0.028738738738738775
0 0.7003567787971458 0.4558058058058057 0.02472986748216105 0.020970970970971017
0 0.19555555555555548 0.3274574574574576 0.013904179408766551 0.014774774774774766
0 0.4366564729867481 0.6401101101101101 0.04838939857288484 0.03997997997998003
0 0.42904179408766574 0.6749549549549549 0.04535168195718656 0.04195195195195203
0 0.6873394495412843 0.6250050050050051 0.04376146788990832 0.0413913913913913
0 0.6907441386340468 0.7087487487487487 0.030377166156982625 0.055875875875875815
0 0.665453618756371 0.8573273273273273 0.021641182466870558 0.017257257257257266
0 0.6981345565749234 0.9174974974974974 0.038919469928644305 0.037527527527527534
0 0.17188583078491323 0.8638238238238238 0.033853211009174294 0.03447447447447453