0 0.6977198067632852 0.1141841841841839 0.03149758454106271 0.028618618618618606
0 0.7223091787439613 0.20926926926926967 0.03737198067632856 0.03235235235235234
0 0.4591497584541063 0.09368368368368384 0.036657004830917925 0.04682682682682683
0 0.4661062801932368 0.12747747747747784 0.03217391304347822 0.027057057057057046
0 0.4564541062801933 0.16799799799799792 0.0511690821256039 0.05405405405405406
0 0.004830917874396135 0.5915915915915916 0.00966183574879227 0.026026026026026026
0 0.22777777777777777 0.665275275275275 0.022917874396135293 0.018518518518518517
0 0.21991304347826077 0.7258658658658662 0.024850241545893745 0.026126126126126036
0 0.45895652173913043 0.5376076076076073 0.022685990338164267 0.03544544544544553
0 0.699111111111111 0.6523423423423419 0.03798067632850236 0.03720720720720728
0 0.6868792270531402 0.7231131131131134 0.03905314009661843 0.03259259259259254
0 0.7016908212560387 0.8330030030030031 0.01806763285024159 0.020210210210210265
0 0.42455072463768123 0.6585985985985982 0.05174879227053135 0.05042042042042031
0 0.44886956521739124 0.72025025025025 0.04005797101449279 0.03745745745745753
0 0.4534879227053139 0.7932732732732728 0.03828985507246376 0.03325325325325328
0 0.4233429951690822 0.8419119119119116 0.023555555555555552 0.022202202202202266
0 0.24429951690821247 0.9203303303303302 0.02720772946859903 0.035885885885885795
0 0.4564734299516909 0.9458358358358362 0.015623188405797062 0.01742742742742751
0 0.25169082125603864 0.995995995995996 0.01642512077294686 0.008008008008008008