0 0.4173700305810398 0.0751651651651653 0.0320693170234455 0.034894894894894904
0 0.4260652395514781 0.1512012012012014 0.03731906218144752 0.036186186186186166
0 0.40158002038735985 0.21984984984984995 0.046819571865443374 0.03099099099099097
0 0.9085728848114168 0.3363463463463466 0.048154943934760455 0.03661661661661666
0 0.6973904179408766 0.33361361361361336 0.03840978593272178 0.053603603603603556
0 0.6628440366972477 0.4599799799799804 0.0282364933741081 0.019299299299299272
0 0.6910601427115188 0.477377377377377 0.022823649337410906 0.02011011011011014
0 0.42928644240570846 0.5183683683683687 0.03245667686034662 0.046806806806806794
0 0.43934760448521915 0.666236236236236 0.02506625891946996 0.023163163163163265
0 0.4235779816513761 0.7467767767767766 0.03378185524974514 0.028338338338338282
0 0.7006422018348625 0.8681581581581581 0.02607543323139646 0.027767767767767775
0 0.9693068297655454 0.7093693693693692 0.033302752293578056 0.029409409409409518
0 0.935881753312946 0.7956156156156153 0.031885830784913326 0.03262262262262254
0 0.9326605504587157 0.8337937937937938 0.031070336391437327 0.02643643643643652
0 0.9421610601427115 0.8745145145145149 0.04443425076452591 0.05169169169169179
0 0.9128440366972477 0.9844844844844844 0.04383282364933741 0.031031031031031032