0 0.4748792270531401 0.009009009009009009 0.018357487922705314 0.018018018018018018
0 0.24198067632850245 0.31982982982983005 0.035961352657004855 0.03532532532532529
0 0.4585410628019323 0.28428428428428426 0.04568115942028983 0.0503103103103103
0 0.6948309178743962 0.4212212212212214 0.01990338164251199 0.03581581581581579
0 0.4250048309178745 0.5249349349349348 0.014096618357487954 0.021601601601601527
0 0.23429951690821257 0.46784784784784794 0.034512077294686014 0.03780780780780779
0 0.007246376811594203 0.476976976976977 0.014492753623188406 0.04504504504504504
0 0.012077294685990338 0.5690690690690691 0.024154589371980676 0.03903903903903904
0 0.005797101449275362 0.8143143143143143 0.011594202898550725 0.02702702702702703
0 0.0004830917874396135 0.9834834834834835 0.000966183574879227 0.03303303303303303
0 0.2502028985507247 0.6736736736736737 0.037574879227053125 0.03244244244244252
0 0.27435748792270537 0.8485385385385386 0.02571980676328503 0.022352352352352278
0 0.7242028985507246 0.7272072072072072 0.03465700483091777 0.03550550550550553