0 0.7084913353720693 0.28637637637637653 0.029704383282365035 0.028578578578578533
0 0.491559633027523 0.4059759759759757 0.022752293577981704 0.020330330330330274
0 0.7070030581039755 0.47643643643643646 0.036156982670744166 0.030410410410410406
0 0.46446483180428144 0.5398398398398401 0.03228338430173289 0.04227227227227229
0 0.4906625891946992 0.535755755755756 0.02496432212028543 0.028258258258258277
0 0.4828644240570847 0.5045545545545548 0.03808358817533131 0.030790790790790782
0 0.2034658511722731 0.37140140140140115 0.034311926605504556 0.03434434434434429
0 0.20905198776758402 0.6184484484484484 0.03694189602446484 0.020730730730730767
0 0.1998776758409785 0.8926326326326324 0.018746177370030568 0.02178178178178177
0 0.43873598369011224 0.9745145145145144 0.032670744138634 0.028508508508508525
0 0.6976554536187565 0.7583683683683681 0.03033639143730886 0.04129129129129129
0 0.6703771661569827 0.828718718718719 0.03840978593272178 0.0443343343343343
0 0.6784199796126401 0.9634734734734737 0.033995922528032525 0.02915915915915927