0 0.4049643221202854 0.12103343465045596 0.03090723751274215 0.033839918946301915
0 0.40621814475025486 0.17872340425531877 0.029867482161060097 0.03185410334346504
0 0.3895208970438328 0.275552178318136 0.02899082568807345 0.032907801418439735
0 0.3807543323139653 0.3227152988855121 0.05871559633027525 0.04600810536980746
0 0.42869520897043834 0.4007902735562309 0.02568807339449546 0.03567375886524826
0 0.696697247706422 0.3524518743667679 0.028063200815494366 0.031073961499493374
0 0.6652905198776758 0.2098581560283689 0.030030581039755387 0.02058763931104356
0 0.8807849133537207 0.22190476190476235 0.01880733944954133 0.01656534954407297
0 0.9003771661569826 0.41719351570415447 0.021926605504587148 0.017811550151975726
0 0.9511518858307849 0.5288145896656531 0.02291539245667688 0.02500506585612969
0 0.4036391437308869 0.6124316109422495 0.045361875637105 0.056362715298885625
0 0.6981651376146789 0.5744376899696051 0.039357798165137514 0.04497467071935167
0 0.9139959225280326 0.6529787234042551 0.04223241590214074 0.039868287740628075
0 0.9319979612640162 0.8566464032421481 0.026870540265035575 0.02584599797365754
0 0.45922528032619775 0.9908814589665653 0.019367991845056064 0.0182370820668693
0 0.6880733944954128 0.983789260385005 0.040774719673802244 0.03242147922998987