0 0.18603465851172274 0.4007801418439713 0.0301427115188583 0.0277608915906788
0 0.1882772680937819 0.30240121580547136 0.04201834862385324 0.04175278622087136
0 0.4337410805300714 0.014184397163120567 0.03160040774719674 0.028368794326241134
0 0.4367584097859328 0.08362715298885508 0.026024464831804255 0.027872340425531907
0 0.4082670744138634 0.16519756838905794 0.027869520897043865 0.030881458966565366
0 0.4080530071355759 0.4709118541033434 0.042181447502548416 0.04914893617021276
0 0.4194699286442406 0.56645390070922 0.017349643221202835 0.024741641337386093
0 0.17478083588175336 0.532441742654509 0.023904179408766553 0.02604863221884502
0 0.18705402650356778 0.7340830800405268 0.042181447502548416 0.03175278622087124
0 0.6688685015290521 0.6271935157041539 0.0369317023445464 0.0428875379939209
0 0.42096839959225285 0.8499696048632219 0.04297655453618753 0.04900709219858145
0 0.4328644240570847 0.7846504559270515 0.021692150866462766 0.01953394123606887
0 0.43680937818552495 0.7515298885511653 0.01581039755351681 0.0175075987841945
0 0.4082262996941896 0.7634549138804455 0.03203873598369006 0.02573454913880455
0 0.4275637104994904 0.7359979736575484 0.046554536187563667 0.03974670719351572
0 0.6769418960244648 0.7679635258358658 0.028929663608562802 0.030648429584599797
0 0.6849133537206933 0.8039209726443771 0.0430886850152905 0.047902735562310006
0 0.6799184505606524 0.8514792299898681 0.030907237512742033 0.02543059777102321
0 0.6764118246687053 0.9129888551165146 0.02778797145769622 0.022867274569402164
0 0.17584097859327216 0.9934143870314083 0.05198776758409786 0.013171225937183385