0 0.4306829765545362 0.20106382978723408 0.03190621814475021 0.03367781155015198
0 0.41095820591233434 0.3516008105369807 0.023302752293577995 0.017315096251266496
0 0.6472273190621814 0.14929078014184388 0.032996941896024354 0.03753799392097266
0 0.9210295616717635 0.13429584599797362 0.026207951070336428 0.033971631205673744
0 0.9016513761467889 0.29678824721377917 0.021997961264016236 0.03279635258358663
0 0.9169011213047911 0.3641540020263425 0.025891946992864515 0.03013171225937184
0 0.6507747196738022 0.485258358662614 0.02757390417940872 0.016767983789260338
0 0.6728644240570847 0.5522391084093211 0.02485219164118258 0.01665653495440735
0 0.6402140672782874 0.6011246200607903 0.014250764525993902 0.024457953394123707
0 0.4027013251783894 0.5937487335359676 0.03503567787971458 0.03465045592705172
0 0.3982976554536188 0.7478318135764943 0.027869520897043865 0.022624113475177232
0 0.4256472986748216 0.7243161094224925 0.029765545361875683 0.0166970618034448
0 0.6401630988786952 0.8389665653495441 0.032650356778797116 0.035015197568389
0 0.9246890927624872 0.9625126646403243 0.05523955147808365 0.05296859169199592
0 0.910295616717635 0.9969604863221885 0.0509683995922528 0.0060790273556231