0 0.16661569826707445 0.09774062816615987 0.030061162079510713 0.031722391084093214
0 0.6748216106014271 0.014690982776089158 0.034658511722731905 0.029381965552178316
0 0.6889908256880735 0.07322188449848023 0.041121304791029475 0.02766970618034448
0 0.1831498470948013 0.41748733535967575 0.03230377166156982 0.031063829787234012
0 0.4123445463812436 0.589696048632219 0.02980632008154945 0.030942249240121542
0 0.40432212028542314 0.6266869300911854 0.023710499490315996 0.01764944275582581
0 0.4246279306829765 0.6981155015197568 0.02590214067278284 0.030810536980749828
0 0.6742711518858309 0.6859675785207702 0.029908256880733862 0.03276595744680843
0 0.6798980632008155 0.7189260385005065 0.0286238532110091 0.027791286727457006
0 0.42087665647298683 0.9128166160081052 0.047380224260958226 0.04084093211752781
0 0.6936391437308869 0.8940628166160082 0.042028542303771683 0.035987841945288736