0 0.45922528032619775 0.0035460992907801418 0.019367991845056064 0.0070921985815602835
0 0.42367991845056063 0.13635258358662605 0.022018348623853233 0.020628166160081066
0 0.6880733944954128 0.001519756838905775 0.040774719673802244 0.00303951367781155
0 0.671131498470948 0.06116514690982765 0.02781855249745154 0.019837892603850042
0 0.6758715596330275 0.12627152988855128 0.04696228338430167 0.04577507598784195
0 0.9271253822629969 0.07957446808510635 0.04044852191641189 0.04417426545086119
0 0.9500713557594291 0.12394123606889557 0.037400611620795166 0.03240121580547113
0 0.9006320081549439 0.16162107396149994 0.04819571865443422 0.042208713272543025
0 0.9131600407747196 0.21788247213779147 0.018848114169215096 0.0229584599797366
0 0.9179001019367993 0.4052988855116512 0.021783893985728737 0.01659574468085106
0 0.44804281345565744 0.6880141843971628 0.03174311926605503 0.0227760891590679
0 0.6844852191641183 0.6580040526849036 0.03627930682976546 0.039878419452887434
0 0.6721100917431193 0.7269199594731512 0.05086646279306839 0.06423505572441753