0 0.4200611620795106 0.09418439716312056 0.05337410805300715 0.04694022289766972
0 0.4587054026503568 0.17734549138804456 0.04075433231396536 0.036798378926038496
0 0.4287054026503567 0.4155116514690983 0.044118246687054 0.04088145896656537
0 0.6860448521916411 0.057193515704154006 0.016534148827726837 0.01550151975683891
0 0.6869317023445465 0.1529078014184397 0.026870540265035575 0.030719351570415394
0 0.6692252803261978 0.22793313069908813 0.025677879714577016 0.026767983789260402
0 0.6728950050968399 0.421499493414387 0.04532110091743123 0.03475177304964534
0 0.6727420998980632 0.4837892603850051 0.049398572884811455 0.04190476190476192
0 0.7125688073394495 0.5227456940222898 0.02886850152905192 0.03280648429584605
0 0.16911314984709488 0.7122492401215805 0.028674821610601423 0.03704154002026337
0 0.2390010193679919 0.8160385005065856 0.02176350662589197 0.013272543059777011
0 0.17777777777777787 0.8723606889564336 0.022334352701325205 0.012603850050658616
0 0.21168195718654442 0.9447112462006079 0.017104994903160014 0.027517730496453983
0 0.18299694189602445 0.9707294832826748 0.030326197757390417 0.028287740628166233
0 0.43678899082568806 0.8241134751773049 0.042191641182466856 0.03601823708206682
0 0.707808358817533 0.739179331306991 0.03806320081549431 0.03806484295845992