0 0.176901121304791 0.272968591691996 0.023904179408766553 0.023748733535967632
0 0.39546381243628953 0.351691995947315 0.032742099898063204 0.03469098277608917
0 0.4496330275229357 0.3338500506585615 0.037074413863404695 0.03369807497467071
0 0.6467686034658512 0.3733738601823708 0.02382262996941885 0.023880445795339465
0 0.6717838939857288 0.3560790273556229 0.03286442405708462 0.029685916919959428
0 0.688032619775739 0.13264437689969613 0.030907237512742033 0.018561296859169192
0 0.7164118246687053 0.50144883485309 0.02593272171253828 0.021854103343465096
0 0.6860856269113149 0.5629280648429585 0.020723751274209917 0.028287740628166233
0 0.7151070336391437 0.6139311043566361 0.019887869520897033 0.032857142857142925
0 0.6941692150866463 0.6706281661600809 0.03932721712538219 0.05962512664640315
0 0.18252803261977568 0.7521884498480241 0.02471967380224261 0.02762917933130697
0 0.4107849133537207 0.8113069908814592 0.024648318042813405 0.02250253292806488
0 0.43661569826707436 0.8850455927051671 0.029877675840978536 0.015521783181357584
0 0.19112130479102957 0.658581560283688 0.015830784913353692 0.018784194528875343
0 0.4337410805300714 0.9994934143870314 0.03160040774719674 0.0010131712259371835