0 0.17584097859327216 0.02330293819655522 0.05198776758409786 0.04660587639311044
0 0.21710499490316007 0.1505673758865245 0.032956167176350644 0.02558257345491388
0 0.21607543323139655 0.17018237082066895 0.020682976554536207 0.014660587639311072
0 0.1940978593272172 0.2957953394123605 0.027889908256880747 0.02060790273556234
0 0.21057084607543317 0.32786220871327293 0.034444444444444465 0.025623100303951332
0 0.6742303771661571 0.09167173252279591 0.025912334352701398 0.027537993920972653
0 0.6727726809378186 0.12416413373860201 0.03332313965341494 0.02396149949341438
0 0.6887461773700306 0.22905775075987836 0.03387359836901123 0.040972644376899695
0 0.17221202854230383 0.50258358662614 0.02886850152905198 0.026960486322188462
0 0.18848114169215097 0.841408308004053 0.033180428134556586 0.02162107396149941
0 0.6906218144750255 0.5278318135764947 0.040173292558613745 0.03457953394123612
0 0.6860448521916411 0.5546909827760887 0.04319062181447492 0.04798378926038491