0 0.125889872173058 0.07234939759036185 0.041347099311701094 0.040331325301204826
0 0.1568338249754179 0.018072289156626505 0.04031465093411996 0.03614457831325301
0 0.10964601769911504 0.3574497991967876 0.024611602753195676 0.01829317269076308
0 0.11406096361848574 0.19975903614457835 0.049164208456243856 0.046194779116465856
0 0.1376401179941003 0.25104417670682727 0.03751229105211405 0.03232931726907632
0 0.361425762045231 0.02459839357429719 0.028652900688298906 0.039166666666666655
0 0.617590953785644 0.04269076305220927 0.025506391347099366 0.03328313253012049
0 0.601779744346116 0.13212851405622528 0.021602753195673577 0.021465863453815258
0 0.6327630285152409 0.13703815261044155 0.04056047197640118 0.0432831325301205
0 0.6248574237954769 0.3313253012048193 0.02670599803343174 0.030130522088353404
0 0.6037266470009833 0.39552208835341324 0.027708947885939098 0.03813253012048195
0 0.3277876106194689 0.5862449799196784 0.026509341199606722 0.0361746987951807
0 0.14790560471976408 0.4743574297188755 0.03839724680432646 0.031204819277108473
0 0.1371583087512291 0.68675702811245 0.04423795476892823 0.026144578313252974
0 0.12090462143559493 0.9015963855421685 0.01785644051130778 0.032259036144578423