0 0.6061455260570305 0.11796184738955802 0.04827925270403138 0.049236947791164665
0 0.593402163225172 0.08828313253012032 0.034582104228121996 0.03610441767068274
0 0.6111209439528024 0.06863453815261057 0.024591937069813167 0.025140562248995975
0 0.5723008849557522 0.05816265060240947 0.021887905604719756 0.028042168674698803
0 0.38343166175024584 0.5938353413654619 0.02368731563421832 0.03918674698795178
0 0.12733529990167158 0.41066265060240964 0.04227138643067847 0.04019076305220881
0 0.09983284169124874 0.2545180722891566 0.03035398230088496 0.02917670682730921
0 0.34964601769911496 0.34729919678714843 0.032448377581120944 0.04022088353413649
0 0.3643559488692232 0.2996987951807229 0.028387413962635204 0.039216867469879464
0 0.32886922320550643 0.3027208835341368 0.042389380530973464 0.04315261044176709
0 0.6179154375614553 0.5100803212851406 0.04833824975417904 0.06048192771084338
0 0.5998131760078662 0.8799899598393572 0.03738446411012781 0.04124497991967864
0 0.6062438544739429 0.8143072289156629 0.044336283185840625 0.03218875502008026
0 0.5987905604719764 0.7395381526104416 0.04143559488692242 0.04328313253012038
0 0.32794493608652897 0.9778915662650602 0.032487708947885906 0.038122489959839384
0 0.34711897738446407 0.7163253012048193 0.039174041297935135 0.03927710843373483
0 0.36777777777777776 0.6911445783132532 0.04321533923303839 0.031054216867469942
0 0.3402458210422812 0.6661244979919679 0.027669616519174028 0.036997991967871395
0 0.12139626352015737 0.8869076305220884 0.044405113077679435 0.05330321285140554
0 0.1415929203539823 0.6917269076305221 0.03362831858407078 0.034196787148594324