0 0.4694994994994995 0.12060240963855422 0.04844844844844842 0.046495983935742974
0 0.6586686686686687 0.17857429718875503 0.028338338338338282 0.022690763052208858
0 0.6792592592592593 0.15563253012048192 0.053293293293293305 0.04466867469879519
0 0.6613413413413413 0.23197791164658635 0.03724724724724728 0.04436746987951807
0 0.6897097097097097 0.22147590361445785 0.038588588588588546 0.04168674698795179
0 0.6806606606606607 0.39410642570281124 0.0523123123123123 0.04550200803212857
0 0.42291291291291294 0.4754618473895582 0.029219219219219272 0.02555220883534141
0 0.6926326326326326 0.4969377510040161 0.06031031031031031 0.06652610441767073
0 0.9438038038038038 0.473855421686747 0.05053053053053055 0.05238955823293168
0 0.9634234234234235 0.5426606425702811 0.05540540540540531 0.06548192771084341
0 0.9684484484484485 0.7714658634538153 0.01936936936936928 0.031234939759036046
0 0.943953953953954 0.7002710843373494 0.02458458458458453 0.03362449799196788
0 0.9620520520520521 0.683855421686747 0.04048048048048054 0.04059236947791171
0 0.7182282282282282 0.6862148594377511 0.0454054054054053 0.049538152610441685
0 0.6672772772772773 0.6983534136546184 0.025605605605605535 0.029487951807228806
0 0.46297297297297296 0.5918373493975904 0.02524524524524527 0.03134538152610444
0 0.46045045045045047 0.6616967871485944 0.03627627627627628 0.040512048192770996
0 0.4363763763763764 0.6912550200803212 0.014314314314314269 0.013534136546184758
0 0.44982982982982983 0.744859437751004 0.033583583583583536 0.03234939759036147
0 0.45245245245245247 0.9874497991967871 0.016016016016016016 0.025100401606425703
0 0.6840440440440441 0.8182931726907631 0.03770770770770778 0.03262048192771085
0 0.6887387387387387 0.7858333333333334 0.050350350350350306 0.04376506024096377
0 0.6681981981981981 0.9201004016064257 0.045445445445445536 0.04121485943775096
0 0.9247647647647648 0.960421686746988 0.06590590590590582 0.04576305220883527
0 0.9334334334334334 0.9964859437751004 0.05905905905905906 0.007028112449799197