0 0.6637758112094395 0.03619477911646605 0.01807276302851535 0.012560240963855423
0 0.41991150442477876 0.2575401606425705 0.02002949852507375 0.03152610441767066
0 0.4329990167158309 0.2932429718875499 0.0270599803343166 0.02433734939759037
0 0.4621927236971485 0.27259036144578314 0.04368731563421824 0.039497991967871515
0 0.4513372664700098 0.37480923694779156 0.0102261553588987 0.016997991967871436
0 0.6971189773844642 0.15615461847389533 0.023834808259587028 0.02148594377510038
0 0.6597935103244837 0.17209839357429704 0.031740412979351006 0.027761044176706804
0 0.6681317600786627 0.4290763052208832 0.0268928220255653 0.017580321285140553
0 0.6582792527040315 0.45541164658634553 0.034768928220255554 0.03971887550200798
0 0.9513765978367748 0.30655622489959833 0.03273352999016712 0.03346385542168679
0 0.9413962635201573 0.5304417670682728 0.030914454277286188 0.03333333333333338
0 0.9211897738446411 0.6913453815261044 0.011838741396263484 0.013343373493975868
0 0.6922418879056047 0.7540060240963853 0.021897738446410995 0.020301204819277135
0 0.9301769911504425 0.8963654618473893 0.037659783677482746 0.052068273092369374