0 0.6249164208456244 0.08686746987951806 0.03449360865290062 0.043232931726907634
0 0.33927236971484753 0.14295180722891576 0.03587020648967553 0.04311244979919678
0 0.3533726647000984 0.10696787148594374 0.050108161258603776 0.04726907630522087
0 0.13174041297935105 0.232429718875502 0.01982300884955753 0.02315261044176707
0 0.10766961651917405 0.18370481927710847 0.03245821042281218 0.03626506024096386
0 0.14158308751229107 0.08591365461847383 0.025535889872173086 0.02133534136546185
0 0.12296951819075708 0.0321285140562249 0.027649950835791547 0.03021084337349398
0 0.3544739429695182 0.007530120481927711 0.04228121927236971 0.015060240963855422
0 0.09531956735496563 0.6491666666666666 0.023687315634218293 0.025200803212851314
0 0.09196656833824973 0.471355421686747 0.03638151425762045 0.0353212851405622
0 0.14555555555555552 0.35797188755020076 0.04333333333333333 0.03334337349397594
0 0.3622812192723698 0.7008032128514057 0.05803343166175023 0.07057228915662647
0 0.36280235988200593 0.4970180722891566 0.03927236971484765 0.03832329317269078
0 0.6317994100294985 0.5416767068273092 0.012871189773844561 0.017048192771084356
0 0.6391642084562438 0.5030923694779116 0.035270403146509234 0.03227911646586349
0 0.6066568338249755 0.30215863453815267 0.04536873156342193 0.03430722891566261
0 0.12101278269419856 0.8884939759036146 0.0315929203539823 0.040230923694779055