0 0.6150639134709931 0.1376104417670687 0.04036381514257616 0.04017068273092369
0 0.6312684365781711 0.1756425702811241 0.045417895771878124 0.05022088353413653
0 0.8727335299901672 0.15548192771084304 0.026686332350049264 0.03194779116465863
0 0.8785644051130777 0.016566265060240965 0.04228121927236971 0.03313253012048193
0 0.8613077679449361 0.539588353413655 0.027590953785644 0.05331325301204816
0 0.8515339233038348 0.4919678714859438 0.025585054080629284 0.03024096385542169
0 0.8568239921337266 0.4492068273092368 0.042458210422812254 0.03735943775100405
0 0.6249262536873156 0.4834437751004018 0.022527040314651015 0.0150401606425703
0 0.6071779744346116 0.37252008032128486 0.03638151425762045 0.02635542168674699
0 0.6066273352999018 0.2540160642570281 0.023677482792526967 0.01633534136546183
0 0.38502458210422813 0.32324297188755 0.024926253687315658 0.022269076305220833
0 0.426204523107178 0.33479919678714865 0.04025565388397241 0.035210843373494026
0 0.36427728613569327 0.38008032128514097 0.02668633235004915 0.019236947791164628
0 0.39186823992133724 0.4039558232931728 0.03250737463126838 0.0430421686746988
0 0.36094395280235986 0.48336345381526136 0.045398230088495535 0.043263052208835376
0 0.3907571288102261 0.4653212851405623 0.02647984267453289 0.04325301204819281
0 0.3932743362831858 0.5798493975903611 0.04140609636184859 0.03731927710843381
0 0.3908161258603736 0.9141767068273097 0.032556538839724695 0.021054216867469906
0 0.3682694198623402 0.8630020080321287 0.020914454277286117 0.026977911646586236
0 0.37024582104228126 0.8382931726907626 0.03251720747295973 0.03219879518072283
0 0.3505211406096362 0.7889959839357431 0.05422812192723695 0.050401606425702856
0 0.5786922320550639 0.7730923694779116 0.034464110127826894 0.03834337349397596
0 0.6165683382497541 0.752489959839357 0.031553588987217225 0.04114457831325303
0 0.6220058997050147 0.703855421686747 0.04617502458210426 0.03621485943775094
0 0.6223107177974434 0.6590461847389557 0.049233038348082535 0.05310240963855432
0 0.8268534906588003 0.8569979919678712 0.031494591937069785 0.04303212851405613
0 0.8579154375614553 0.9804216867469879 0.0344149459193707 0.0391566265060241