0 0.8077187807276304 0.13659638554216885 0.030412979351032512 0.03418674698795182
0 0.8751229105211407 0.004016064257028112 0.05309734513274336 0.008032128514056224
0 0.371583087512291 0.02814257028112447 0.02950835791543755 0.03809236947791164
0 0.3721828908554572 0.09389558232931725 0.028534906588003915 0.03724899598393574
0 0.36966568338249756 0.13049196787148573 0.041386430678466105 0.024066265060240975
0 0.37364798426745327 0.16212851405622491 0.025565388397246803 0.035411646586345366
0 0.631307767944936 0.5687048192771083 0.05710914454277279 0.05138554216867476
0 0.6425958702064897 0.527570281124498 0.04233038348082591 0.03527108433734945
0 0.8632546705998033 0.4507730923694777 0.03546705998033425 0.03626506024096386
0 0.6387315634218289 0.962901606425703 0.03635201573254673 0.03418674698795176
0 0.5914355948869223 0.9748192771084339 0.03046214355948871 0.036004016064256926
0 0.6186430678466076 0.8815361445783134 0.029410029498525156 0.022238955823293265
0 0.6332743362831859 0.831917670682731 0.017767944936086466 0.015261044176706873
0 0.3608456243854474 0.8406124497991968 0.05718780727630282 0.053052208835341286
0 0.38449360865290066 0.8739156626506025 0.0531563421828908 0.04322289156626501