0 0.6509341199606686 0.01857429718875502 0.03736479842674533 0.03714859437751004
0 0.6818879056047198 0.0391566265060241 0.040678466076696056 0.050451807228915665
0 0.675063913470993 0.14506024096385498 0.03654867256637175 0.04758032128514055
0 0.1756047197640117 0.5637248995983938 0.024690265486725677 0.03362449799196788
0 0.16035398230088488 0.5235341365461843 0.027984267453293982 0.029377510040160634
0 0.3980825958702064 0.6405120481927709 0.025496558505408013 0.032740963855421586
0 0.45282202556538836 0.24328313253012088 0.033008849557522174 0.035542168674698775
0 0.4357522123893806 0.27960843373493954 0.049547689282202545 0.04763052208835344
0 0.6772959685349066 0.48643574297188735 0.031809242871189684 0.037279116465863446
0 0.6483579154375616 0.5727208835341369 0.04056047197640118 0.03538152610441768
0 0.6774926253687316 0.5843273092369475 0.031868239921337346 0.028654618473895544
0 0.6750835791543756 0.6736947791164659 0.042438544739429776 0.03859437751004022
0 0.6700688298918388 0.8619779116465861 0.022753195673549755 0.01950803212851412
0 0.6552605703048182 0.8865763052208833 0.01689282202556545 0.01849397590361453
0 0.7094493608652901 0.8930220883534135 0.01690265486725669 0.02303212851405628
0 0.6563815142576204 0.9262449799196787 0.026538839724680442 0.02342369477911639
0 0.1927728613569321 0.8761244979919678 0.03770894788593906 0.027429718875501944