0 0.8466175024582104 0.2378915662650603 0.04368731563421835 0.03616465863453813
0 0.8525073746312685 0.19328313253012047 0.025565388397246803 0.03125502008032128
0 0.5909439528023599 0.3011746987951808 0.03159292035398241 0.036184738955823255
0 0.6185152409046214 0.24091365461847394 0.04529990167158302 0.04817269076305223
0 0.6194690265486725 0.02108433734939759 0.03736479842674533 0.04216867469879518
0 0.6209832841691248 0.06876506024096386 0.03843657817109136 0.037319277108433746
0 0.37408062930186825 0.8036947791164659 0.03056047197640122 0.029176706827309183
0 0.3824975417895772 0.7434036144578314 0.041307767944936076 0.04520080321285139
0 0.6189773844641101 0.7344076305220884 0.046214355948869225 0.037208835341365404
0 0.8510521140609636 0.40266064257028106 0.03837758112094393 0.03826305220883536
0 0.8416912487708947 0.37043172690763054 0.033441494591937064 0.03622489959839362
0 0.8372664700098329 0.33638554216867467 0.022605703048180933 0.024156626506024043
0 0.8751229105211407 0.982429718875502 0.05309734513274336 0.035140562248995984
0 0.8195575221238938 0.8961244979919678 0.03438544739429698 0.04328313253012038