0 0.2345945945945945 0.052751004016064265 0.04565565565565567 0.041506024096385555
0 0.22524524524524522 0.21536144578313254 0.03833833833833835 0.039317269076305186
0 0.683003003003003 0.19228915662650603 0.05962962962962957 0.07977911646586343
0 0.6756256256256257 0.350933734939759 0.034604604604604544 0.03538152610441768
0 0.2026826826826827 0.35392570281124497 0.04324324324324323 0.035411646586345366
0 0.43245245245245245 0.4834437751004016 0.03827827827827829 0.03945783132530116
0 0.6735935935935937 0.6134839357429719 0.04042042042042053 0.04031124497991977
0 0.6630830830830832 0.7610140562248996 0.04726726726726729 0.04475903614457824
0 0.6724224224224224 0.7287751004016064 0.04589589589589581 0.040542168674698904
0 0.6813013013013012 0.6684638554216867 0.04167167167167178 0.03834337349397596
0 0.683053053053053 0.6951004016064257 0.047367367367367304 0.04202811244979909
0 0.46800800800800796 0.7078212851405623 0.05293293293293293 0.05441767068273097
0 0.46194194194194194 0.9025401606425703 0.05123123123123118 0.05059236947791175
0 0.19927927927927921 0.8383232931726908 0.026216216216216216 0.02229919678714863
0 0.6926926926926927 0.9904618473895582 0.02002002002002002 0.019076305220883535