0 0.19324483775811208 0.35788152610441765 0.02110127826941984 0.015562248995983935
0 0.6794001966568338 0.20937751004016064 0.02388397246804323 0.017309236947791174
0 0.4175024582104227 0.45323293172690765 0.0268436578171091 0.03543172690763049
0 0.40374631268436567 0.5081024096385541 0.03126843657817105 0.025070281124497964
0 0.4525565388397247 0.5733333333333333 0.03497541789577193 0.03046184738955815
0 0.4291740412979351 0.6300401606425703 0.04063913470993121 0.04154618473895593
0 0.6750049164208456 0.5610341365461847 0.024827925270403145 0.022409638554216803
0 0.17980334316617494 0.49592369477911646 0.024159292035398225 0.02446787148594378
0 0.18240904621435594 0.84214859437751 0.03494591937069815 0.033072289156626564
0 0.6646411012782695 0.8000502008032129 0.036204523107177915 0.03305220883534144
0 0.6489675516224189 0.9779116465863453 0.03933136676499508 0.04417670682730924
0 0.4351032448377581 0.9784136546184738 0.03638151425762045 0.04317269076305221