0 0.4221521521521522 0.07493975903614446 0.037747747747747785 0.042128514056224906
0 0.6881881881881882 0.023092369477911646 0.04504504504504504 0.04618473895582329
0 0.674104104104104 0.20934738955823315 0.04757757757757755 0.06562248995983937
0 0.6506806806806806 0.2839859437751008 0.04415415415415405 0.0486044176706827
0 0.6781681681681682 0.29717871485943753 0.03915915915915905 0.060341365461847415
0 0.7092192192192192 0.40111445783132554 0.06328328328328331 0.05753012048192767
0 0.46950950950950954 0.44876506024096413 0.052172172172172175 0.06054216867469875
0 0.43946946946946946 0.5962751004016068 0.020000000000000018 0.0226506024096385
0 0.43542542542542545 0.5532429718875499 0.02606606606606603 0.024206827309236848
0 0.931031031031031 0.4317168674698793 0.04313313313313305 0.03259036144578317
0 0.9440340340340341 0.4562550200803216 0.05009009009009005 0.043343373493975865
0 0.9388688688688688 0.6647590361445787 0.04646646646646654 0.048544176706827216
0 0.9082982982982983 0.5788253012048195 0.03722722722722728 0.03546184738955817
0 0.9359359359359359 0.019076305220883535 0.036036036036036036 0.03815261044176707
0 0.9403803803803804 0.06779116465863452 0.0512812812812813 0.04333333333333333
0 0.9342542542542543 0.10305220883534123 0.03323323323323328 0.02725903614457832
0 0.4392092092092092 0.8082228915662648 0.04675675675675679 0.054487951807228895
0 0.47350350350350345 0.9703012048192772 0.03624624624624628 0.027369477911646577
0 0.6881681681681682 0.9447389558232933 0.05533533533533531 0.056526104417670635
0 0.7097097097097097 0.9949799196787149 0.026026026026026026 0.010040160642570281
0 0.8757957957957958 0.9763654618473896 0.034144144144144045 0.04361445783132536
0 0.8968468468468469 0.9347188755020076 0.03214214214214204 0.03436746987951809
0 0.9544444444444444 0.8895582329317269 0.03936936936936929 0.04236947791164663