0 0.19119119119119118 0.009036144578313253 0.04004004004004004 0.018072289156626505
0 0.6957157157157157 0.021024096385542222 0.04446446446446454 0.0385140562248996
0 0.44938938938938944 0.05240963855421691 0.022132132132132144 0.017289156626506024
0 0.46255255255255245 0.09989959839357429 0.03812812812812816 0.04548192771084338
0 0.1996796796796797 0.2114357429718877 0.03123123123123122 0.03332329317269076
0 0.4336936936936937 0.28958835341365446 0.06579579579579581 0.05744979919678717
0 0.7076376376376377 0.26511044176706844 0.028488488488488523 0.030341365461847417
0 0.4134534534534534 0.49442771084337334 0.050180180180180174 0.043785140562248956
0 0.45041041041041047 0.5159437751004017 0.038468468468468416 0.040461847389558186
0 0.2067467467467467 0.9192168674698795 0.029109109109109094 0.027369477911646577
0 0.24072072072072073 0.8920883534136546 0.0478178178178178 0.03779116465863464