0 0.465885885885886 0.12070281124498018 0.051091091091091057 0.046767068273092356
0 0.16905905905905916 0.3137449799196785 0.020280280280280272 0.02140562248995989
0 0.21615615615615622 0.5336144578313249 0.0463263263263263 0.041596385542168685
0 0.2102602602602602 0.6349899598393572 0.04222222222222223 0.049568273092369365
0 0.17821821821821818 0.5812048192771085 0.04227227227227229 0.03624497991967862
0 0.6856256256256257 0.3347690763052212 0.042302302302302294 0.03951807228915664
0 0.7026126126126127 0.39703815261044156 0.06032032032032031 0.06987951807228918
0 0.7107107107107107 0.025602409638554216 0.04804804804804805 0.05120481927710843
0 0.6841341341341342 0.5893473895582327 0.035275275275275284 0.04837349397590368
0 0.21371371371371373 0.9909638554216867 0.04504504504504504 0.018072289156626505
0 0.1872472472472472 0.9095983935742972 0.03819819819819817 0.028463855421686654
0 0.1766866866866867 0.9547891566265063 0.03325325325325328 0.026275100401606497
0 0.2137837837837837 0.9487851405622488 0.029179179179179157 0.034347389558232966
0 0.7077077077077077 0.9839357429718876 0.056056056056056056 0.0321285140562249
0 0.43086086086086095 0.8297590361445779 0.01908908908908914 0.015080321285140544