0 0.436086529006883 0.002008032128514056 0.024582104228121928 0.004016064257028112
0 0.6779646017699115 0.14646586345381538 0.022910521140609593 0.02654618473895582
0 0.9375319567354966 0.1361345381526106 0.04672566371681414 0.033795180722891546
0 0.9066568338249754 0.5491867469879516 0.04349065880039333 0.030602409638554234
0 0.9140117994100294 0.6815963855421686 0.024847590953785626 0.022510040160642644
0 0.6770599803343167 0.3684437751004014 0.025191740412979245 0.02635542168674699
0 0.42971484759095374 0.35143574297188773 0.026263520157325502 0.03466867469879515
0 0.6636578171091446 0.7009738955823294 0.02366764995083573 0.024026104417670748
0 0.45228121927236975 0.8027811244979921 0.022182890855457174 0.02573293172690774
0 0.6592625368731564 0.9323092369477911 0.03092428711897743 0.037409638554216855
0 0.9267256637168142 0.8704718875502006 0.021209439528023535 0.02631526104417674
0 0.9445034414945919 0.8700702811244981 0.020983284169124795 0.0273895582329317
0 0.88968534906588 0.9768875502008032 0.039351032448377565 0.0368674698795181