0 0.11802359882005897 0.08834337349397568 0.041278269419862346 0.04032128514056225
0 0.3274336283185841 0.002008032128514056 0.03343166175024582 0.004016064257028112
0 0.36716814159292044 0.09031124497991949 0.04635201573254669 0.04629518072289158
0 0.38058997050147486 0.13347389558232892 0.05314650934119956 0.044186746987951796
0 0.3672664700098328 0.16669678714859412 0.032812192723697155 0.03826305220883536
0 0.607197640117994 0.606947791164659 0.028544739429695154 0.033353413654618504
0 0.35156342182890854 0.5024698795180723 0.02071779744346121 0.02518072289156625
0 0.34703048180924295 0.4417369477911649 0.017954768928220247 0.01620481927710842
0 0.36731563421828906 0.3789959839357425 0.030599803343166178 0.03525100401606427
0 0.3574926253687315 0.2921686746987952 0.04045231071779743 0.04419678714859436
0 0.38434611602753205 0.24856425702811216 0.03731563421828913 0.045481927710843355
0 0.12380530973451336 0.7008433734939759 0.02932153392330383 0.03415662650602408
0 0.13819075712881018 0.5184939759036146 0.015024582104228095 0.01915662650602408
0 0.1568338249754179 0.9909638554216867 0.04031465093411996 0.018072289156626505
0 0.13326450344149457 0.943744979919679 0.0443166175024582 0.040361445783132575
0 0.12199606686332344 0.8760943775100403 0.027472959685349064 0.027349397590361455
0 0.6110816125860374 0.85890562248996 0.05606686332350047 0.04108433734939766
0 0.5900196656833825 0.9683835341365464 0.029587020648967472 0.03111445783132531