0 0.36384464110127823 0.055170682730923695 0.027590953785644 0.04628514056224899
0 0.37413962635201575 0.10684738955823293 0.022625368731563414 0.023102409638554207
0 0.36416912487708947 0.27203815261044173 0.012645034414945933 0.026044176706827363
0 0.4125073746312684 0.29063253012048196 0.03240904621435598 0.02913654618473894
0 0.38296951819075714 0.33937751004016065 0.042448377581120904 0.03620481927710838
0 0.3687217305801377 0.4764357429718875 0.03932153392330384 0.04906626506024097
0 0.6086430678466077 0.4930020080321285 0.04327433628318583 0.04037148594377514
0 0.8529006882989184 0.3910140562248996 0.012595870206489623 0.011104417670682676
0 0.8521042281219273 0.20778112449799196 0.014729596853490677 0.018082329317269066
0 0.8683480825958703 0.16963855421686747 0.025575221238938045 0.02418674698795178
0 0.32305801376597837 0.7826305220883534 0.03251720747295973 0.029186746987951744
0 0.35287118977384463 0.8193273092369477 0.029242871189773853 0.030200803212851332
0 0.386401179941003 0.8142168674698795 0.03730580137659789 0.03815261044176707
0 0.6233824975417896 0.6395582329317269 0.039488692232055145 0.038273092369477804
0 0.8352999016715831 0.6145281124497992 0.02064896755162242 0.026214859437750905
0 0.6411111111111111 0.9146385542168675 0.025791543756145546 0.02609437751004017
0 0.6194690265486725 0.9984939759036144 0.03736479842674533 0.0030120481927710845
0 0.8514454277286135 0.8338152610441767 0.025614552605703004 0.03321285140562242
0 0.8510816125860373 0.7947389558232931 0.0462340216322517 0.03925702811244971