0 0.6489675516224189 0.000502008032128514 0.03933136676499508 0.001004016064257028
0 0.6554768928220255 0.14913654618473893 0.03449360865290062 0.03573293172690766
0 0.41398230088495575 0.1265461847389558 0.05109144542772865 0.042650602409638555
0 0.4351032448377581 0.000502008032128514 0.03638151425762045 0.001004016064257028
0 0.1809046214355949 0.5637248995983936 0.019931170108161242 0.015441767068273202
0 0.4144542772861357 0.5145381526104418 0.030786627335299847 0.03520080321285135
0 0.6920845624385447 0.5266365461847389 0.018062930186823884 0.019538152610441804
0 0.6810422812192722 0.7159638554216866 0.04091445427728604 0.03886546184738959
0 0.6887118977384464 0.9166566265060241 0.024749262536873227 0.03249999999999989
0 0.6666470009832842 0.9683232931726908 0.018003933136676444 0.013433734939759146
0 0.1824680432645034 0.696867469879518 0.05440511307767943 0.04633534136546194