0 0.92976401179941 0.1795883534136545 0.038485742379547785 0.03260040160642573
0 0.9340511307767945 0.32118473895582295 0.03780727630285157 0.040491967871485984
0 0.6671484759095379 0.21148594377510074 0.02294001966568331 0.025060240963855403
0 0.6755555555555555 0.23487951807228877 0.016106194690265595 0.028393574297188726
0 0.6612684365781711 0.3382630522088352 0.03080629301868233 0.030532128514056192
0 0.45470993117010816 0.1605020080321282 0.05069813176007872 0.05054216867469883
0 0.42472959685349065 0.385532128514056 0.03355948869223205 0.024518072289156586
0 0.46903638151425764 0.43327309236947786 0.04707964601769911 0.03565261044176706
0 0.41887905604719766 0.5113755020080321 0.043382497541789584 0.03325301204819272
0 0.43598820058997045 0.5733935742971891 0.022507374631268423 0.010351405622489904
0 0.4150442477876106 0.6179618473895581 0.021740412979351045 0.02739959839357426
0 0.9143362831858407 0.49205823293172707 0.015889872173058095 0.018192771084337353
0 0.6573647984267453 0.8061847389558233 0.018977384464110084 0.014427710843373385
0 0.6971189773844642 0.9132228915662648 0.027856440511307697 0.029377510040160634
0 0.41783677482792525 0.7589257028112453 0.025752212389380583 0.016024096385542204