0 0.18929203539823009 0.22582329317269084 0.017000983284169144 0.018644578313253005
0 0.4050245821042282 0.15539156626506023 0.031819075712881034 0.028945783132530104
0 0.450983284169125 0.1525301204819278 0.046843657817109134 0.048664658634538165
0 0.39772861356932154 0.2971887550200803 0.017256637168141548 0.022449799196787162
0 0.39294985250737474 0.4538152610441767 0.03391347099311702 0.03263052208835342
0 0.4009046214355949 0.5602309236947789 0.022979351032448383 0.03438755020080321
0 0.4070599803343166 0.6521586345381528 0.053333333333333344 0.041485943775100335
0 0.6744936086529008 0.7650200803212852 0.0337659783677482 0.028574297188755055
0 0.6627728613569321 0.6421686746987951 0.02983284169124869 0.03566265060240962
0 0.6268239921337266 0.6395883534136548 0.03659783677482795 0.034427710843373455
0 0.6715929203539823 0.5190562248995985 0.0358112094395281 0.04037148594377514
0 0.6492822025565388 0.4462550200803211 0.05270403146509332 0.04141566265060241
0 0.6671484759095379 0.3785140562248996 0.02678466076696166 0.026435742971887593
0 0.39823008849557523 0.7695783132530121 0.049734513274336326 0.0436546184738956
0 0.20848574237954767 0.8503514056224898 0.039773844641101265 0.034477911646586264
0 0.2109046214355949 0.8994578313253013 0.04462143559488692 0.03846385542168669