0 0.4401081612586037 0.020562248995983936 0.044591937069813195 0.04112449799196787
0 0.46412979351032446 0.04726907630522088 0.04755162241887907 0.048634538152610436
0 0.41402163225172073 0.10089357429718875 0.04952802359882006 0.05139558232931727
0 0.4474336283185841 0.15913654618473896 0.05152409046214354 0.04728915662650605
0 0.686912487708948 0.14662650602409638 0.03493608652900686 0.044578313253012036
0 0.8854867256637168 0.1009738955823293 0.017040314650934047 0.02330321285140563
0 0.9256637168141593 0.6616566265060241 0.034768928220255554 0.02852409638554225
0 0.9000589970501475 0.7554618473895582 0.021101278269419897 0.02342369477911639
0 0.6563323500491642 0.5843273092369478 0.04060963618485738 0.04050200803212843
0 0.4025958702064897 0.41706827309236943 0.0410226155358899 0.05766064257028108
0 0.42774827925270403 0.41725903614457827 0.03592920353982297 0.05796184738955825
0 0.43119960668633234 0.4623995983935743 0.048623402163225214 0.05979919678714865
0 0.44997050147492623 0.5439658634538153 0.05466076696165195 0.05479919678714852
0 0.43424778761061944 0.5884437751004017 0.05271386430678467 0.04898594377510036
0 0.4312389380530973 0.6350702811244979 0.06041297935103239 0.04978915662650594
0 0.4729006882989184 0.8960240963855423 0.022143559488692215 0.021315261044176727