0 0.4390363815142576 0.07781124497991967 0.038928220255653914 0.04763052208835341
0 0.6359882005899704 0.10537148594377492 0.04385447394296943 0.03856425702811245
0 0.6522812192723696 0.30853413654618494 0.02318584070796453 0.03178714859437748
0 0.42916420845624387 0.4828915662650603 0.029006882989183875 0.028504016064257013
0 0.45570304818092433 0.4507630522088354 0.05039331366764995 0.04448795180722886
0 0.19804326450344156 0.36293172690763054 0.017118977384464135 0.019497991967871445
0 0.171425762045231 0.5732931726907631 0.019400196656833842 0.018734939759036225
0 0.19468043264503443 0.8422590361445782 0.03958702064896754 0.034497991967871386
0 0.19278269419862334 0.949859437751004 0.025683382497541794 0.03237951807228916
0 0.4149557522123894 0.8223594377510042 0.016086529006883003 0.024538152610441823
0 0.391858407079646 0.8986345381526104 0.03076696165191737 0.0324196787148594
0 0.6592232055063915 0.8108032128514056 0.027010816125860402 0.035441767068273046
0 0.6509341199606686 0.9974899598393574 0.03736479842674533 0.0050200803212851405
0 0.4006096361848575 0.9429518072289155 0.01714847590953791 0.014608433734939714