0 0.4308062930186824 0.033654618473895566 0.037600786627335306 0.03355421686746988
0 0.4237659783677483 0.17062248995983942 0.04391347099311698 0.04832329317269076
0 0.4086332350049164 0.20340361445783126 0.03304818092428713 0.035491967871485966
0 0.44182890855457224 0.2836746987951807 0.028682399213372626 0.035622489959839375
0 0.6798328416912488 0.1470682730923695 0.03454277286135704 0.035582329317269075
0 0.6638938053097345 0.2324598393574297 0.0337659783677482 0.04398594377510041
0 0.6824778761061947 0.24551204819277106 0.03370698131760076 0.039497991967871515
0 0.6873844641101279 0.2911746987951807 0.03770894788593895 0.02833333333333336
0 0.6774041297935103 0.47232931726907634 0.04563421828908563 0.05745983935742974
0 0.958652900688299 0.22784136546184747 0.041632251720747214 0.03652610441767068
0 0.9055457227138644 0.31633534136546176 0.026214355948869304 0.02866465863453811
0 0.9040609636184856 0.38853413654618474 0.020727630285152336 0.024688755020080354
0 0.9056342182890855 0.43679718875502005 0.05175024582104239 0.05259036144578313
0 0.91984267453294 0.5809236947791164 0.00994100294985241 0.017289156626506052
0 0.9331760078662733 0.886867469879518 0.018200589970501467 0.0248092369477912
0 0.9459783677482791 0.8645281124497991 0.022320550639134754 0.016295180722891586
0 0.9248770894788594 0.918222891566265 0.015093411996066773 0.015542168674698813
0 0.6735791543756146 0.5669477911646587 0.020471976401179877 0.02361445783132528
0 0.6584267453294002 0.6150803212851405 0.02697148475909544 0.02553212851405629
0 0.6889085545722714 0.7119879518072291 0.01715830875122915 0.020692771084337248
0 0.4621927236971485 0.5787650602409639 0.035693215339232996 0.025973895582329206
0 0.4474336283185841 0.5985341365461848 0.023765978367748238 0.02655622489959844
0 0.4513667649950836 0.6383534136546184 0.025968534906587973 0.023714859437750896
0 0.45763028515240906 0.9279116465863454 0.03093411996066867 0.03710843373493979
0 0.436086529006883 0.9924698795180723 0.024582104228121928 0.015060240963855422