0 0.3791347099311701 0.16661646586345363 0.03635201573254673 0.032259036144578306
0 0.38791543756145525 0.3754819277108434 0.028790560471976374 0.032389558232931714
0 0.8629301868239921 0.3970983935742974 0.03048180924287119 0.03336345381526106
0 0.8433038348082595 0.3830120481927711 0.036460176991150374 0.0349497991967871
0 0.8707571288102262 0.26048192771084344 0.03649950835791533 0.03509036144578315
0 0.8623500491642084 0.22587349397590342 0.029518190757128793 0.028323293172690743
0 0.8387610619469026 0.17622489959839355 0.029528023598820032 0.02519076305220881
0 0.8694100294985251 0.922680722891566 0.028790560471976374 0.032178714859437706
0 0.8451229105211406 0.8438955823293173 0.052143559488692204 0.04710843373493983
0 0.8421632251720748 0.7595481927710845 0.038308751229105244 0.043242971887550136
0 0.39978367748279253 0.8443574297188755 0.04421828908554575 0.04453815261044167
0 0.3816125860373648 0.9045080321285139 0.03755162241887911 0.0379819277108433
0 0.3490953785644051 0.941706827309237 0.02351032448377578 0.040230923694779055
0 0.8785644051130777 0.9959839357429718 0.04228121927236971 0.008032128514056224
0 0.6283185840707964 0.20678714859437755 0.03165191740412985 0.02222891566265059