0 0.4129429429429429 0.1003815261044177 0.04124124124124129 0.04055220883534135
0 0.48995995995996 0.2666265060240963 0.03929929929929929 0.033353413654618504
0 0.42101101101101096 0.49646586345381527 0.05183183183183181 0.05193775100401608
0 0.4772972972972973 0.4644176706827309 0.014124124124124138 0.015301204819277117
0 0.6747847847847848 0.4613654618473895 0.032152152152152044 0.043393574297188785
0 0.9458358358358359 0.45884538152610466 0.046296296296296294 0.04448795180722886
0 0.953953953953954 0.5295682730923693 0.04673673673673679 0.05384538152610447
0 0.9264664664664665 0.5697991967871485 0.06778778778778781 0.04351405622489952
0 0.4274074074074074 0.8658935742971886 0.04052052052052054 0.03574297188755011
0 0.4162862862862863 0.8433333333333334 0.052042042042042054 0.038423694779116446
0 0.44747747747747746 0.8322489959839359 0.032712712712712665 0.034397590361445775
0 0.7027027027027027 0.7941465863453814 0.0562562562562563 0.05668674698795184
0 0.6881881881881882 0.9974899598393574 0.04504504504504504 0.0050200803212851405
0 0.9359359359359359 0.9979919678714859 0.036036036036036036 0.004016064257028112