0 0.36299901671583096 0.501004016064257 0.021769911504424765 0.02227911646586351
0 0.164188790560472 0.38055220883534135 0.037315634218289075 0.03416666666666664
0 0.12192723697148476 0.3141967871485944 0.03146509341199607 0.036054216867469846
0 0.5737758112094395 0.37650602409638556 0.03644051130776789 0.03612449799196789
0 0.6038348082595869 0.40808232931726907 0.03165191740412985 0.027218875502008046
0 0.12344149459193704 0.8640361445783133 0.03842674532940018 0.043192771084337334
0 0.3544739429695182 0.9849397590361446 0.04228121927236971 0.030120481927710843
0 0.34171091445427726 0.9246586345381527 0.026381514257620493 0.03412650602409639
0 0.35793510324483774 0.8137449799196788 0.061002949852507336 0.0612751004016064
0 0.6115535889872173 0.7053514056224899 0.027630285152408958 0.045351405622490036
0 0.623038348082596 0.7514759036144578 0.04051130776794498 0.04313253012048197
0 0.5954080629301868 0.838855421686747 0.03839724680432641 0.031094377510040187
0 0.6224483775811209 0.8580120481927711 0.0551327433628318 0.04718875502008032
0 0.605693215339233 0.8956224899598393 0.043441494591937135 0.05018072289156628
0 0.6189675516224189 0.9543373493975903 0.040491642084562504 0.043212851405622456
0 0.6032153392330384 0.2098694779116466 0.042369714847590875 0.038393574297188766