0 0.6926926926926927 0.0035140562248995983 0.02002002002002002 0.007028112449799197
0 0.7147247247247247 0.012951807228915639 0.020440440440440515 0.024508032128514053
0 0.7040940940940942 0.04727911646586337 0.025595595595595533 0.040602409638554215
0 0.7000800800800802 0.1155220883534136 0.03956956956956954 0.04247991967871486
0 0.22891891891891897 0.25551204819277107 0.019899899899899896 0.025592369477911655
0 0.45941941941941944 0.26163654618473886 0.042332332332332294 0.061576305220883545
0 0.4184184184184184 0.29063253012048196 0.048488488488488544 0.045592369477911614
0 0.23371371371371374 0.5883534136546185 0.021141141141141146 0.026425702811244917
0 0.1956856856856857 0.6661646586345381 0.03345345345345347 0.04161646586345386
0 0.22670670670670673 0.758062248995984 0.03499499499499498 0.03650602409638544
0 0.1957257257257257 0.902570281124498 0.0493093093093093 0.0566465863453816
0 0.19119119119119118 0.9919678714859438 0.04004004004004004 0.01606425702811245
0 0.4284984984984984 0.5516465863453816 0.024384384384384398 0.03140562248995981
0 0.41836836836836844 0.68570281124498 0.0786786786786787 0.06636546184738946
0 0.7216716716716717 0.8171987951807229 0.04430430430430429 0.042449799196787125
0 0.7046946946946947 0.9022088353413654 0.028118118118118037 0.029548192771084402
0 0.6895995995995997 0.9508032128514057 0.0424124124124123 0.04257028112449808