0 0.952982982982983 0.22038152610441766 0.021981981981982018 0.03138554216867469
0 0.9198398398398397 0.32523092369477896 0.03627627627627628 0.02635542168674699
0 0.9235235235235235 0.375582329317269 0.047107107107107055 0.034759036144578315
0 0.9509809809809809 0.39753012048192776 0.04646646646646654 0.04037148594377514
0 0.4465265265265265 0.11692771084337353 0.056236236236236185 0.05762048192771083
0 0.4389489489489489 0.1566164658634536 0.041431431431431416 0.028765060240963834
0 0.45597597597597594 0.22933734939759043 0.057617617617617564 0.05355421686746991
0 0.44932932932932934 0.27514056224899597 0.04019019019019017 0.03850401606425705
0 0.6506006006006007 0.429136546184739 0.03448448448448453 0.0396084337349398
0 0.6876476476476476 0.4944377510040161 0.042332332332332294 0.05160642570281128
0 0.6674174174174174 0.6351204819277108 0.034194194194194276 0.04782128514056236
0 0.6772872872872873 0.6577008032128515 0.0488388388388388 0.038654618473895584
0 0.6701501501501501 0.7123393574297187 0.04392392392392403 0.049568273092369365
0 0.6921321321321322 0.7373594377510039 0.03377377377377378 0.03930722891566274
0 0.8923523523523524 0.7238955823293173 0.021221221221221265 0.01820281124498003