0 0.45245245245245247 0 0.016016016016016016 0
0 0.9334334334334334 0.028112449799196786 0.05905905905905906 0.05622489959839357
0 0.9440640640640641 0.3496285140562249 0.03630630630630629 0.039267068273092384
0 0.8954054054054054 0.22835341365461853 0.043223223223223285 0.03944779116465866
0 0.948908908908909 0.2650401606425703 0.018248248248248267 0.01814257028112452
0 0.6756356356356357 0.10735943775100408 0.038338338338338294 0.04049196787148593
0 0.6816516516516516 0.23143574297188754 0.050380380380380306 0.049467871485943754
0 0.433013013013013 0.2917068273092369 0.03545545545545541 0.03147590361445785
0 0.43357357357357357 0.405140562248996 0.06633633633633632 0.06161646586345382
0 0.44738738738738737 0.43133534136546176 0.024514514514514522 0.01930722891566267
0 0.43954954954954956 0.4738955823293173 0.038208208208208166 0.05663654618473892
0 0.6966166166166166 0.6183534136546186 0.04045045045045053 0.03869477911646583
0 0.6813113113113113 0.651777108433735 0.031431431431431525 0.040441767068273064
0 0.6652452452452453 0.6540963855421686 0.04921921921921929 0.05933734939759027
0 0.9205805805805806 0.6620983935742972 0.03720720720720728 0.04960843373493984
0 0.9409909909909909 0.7560341365461847 0.030320320320320285 0.04037148594377514
0 0.9232932932932933 0.8122791164658634 0.049509509509509546 0.03249999999999989
0 0.9358558558558558 0.5656726907630523 0.04252252252252254 0.021405622489959777