0 0.7212643678160919 0.1733966033966031 0.021264367816092 0.051048951048951074
0 0.44581417624521075 0.3382017982017982 0.025929118773946408 0.031168831168831214
0 0.4310823754789272 0.5349450549450545 0.03266283524904217 0.039230769230769215
0 0.4583429118773946 0.579400599400599 0.018409961685823782 0.020229770229770228
0 0.43049808429118774 0.6509590409590407 0.020047892720306465 0.025354645354645464
0 0.4621168582375479 0.6458241758241761 0.02807471264367811 0.03114885114885121
0 0.6997030651340996 0.43956043956043955 0.012672413793103465 0.024055944055944096
0 0.6982375478927203 0.5114185814185818 0.02526819923371658 0.032317682317682284
0 0.6801340996168582 0.558421578421578 0.023026819923371612 0.028121878121878212
0 0.9142241379310345 0.7972027972027972 0.024137931034482803 0.022177822177822222
0 0.8999137931034482 0.6697902097902099 0.020325670498084317 0.027182817182817218
0 0.8899904214559387 0.5599500499500502 0.029157088122605417 0.02516483516483522
0 0.962624521072797 0.44908091908091885 0.011839080459770019 0.03131868131868134
0 0.9213888888888888 0.8681318681318682 0.021398467432950114 0.02419580419580422
0 0.4597605363984674 0.866653346653347 0.028908045977011448 0.025304695304695233
0 0.4790134099616858 0.279210789210789 0.0097222222222222 0.011388611388611365