0 0.2306560846560847 0.3053293413173649 0.021312169312169296 0.016067864271457108
0 0.4940952380952382 0.2594910179640721 0.04659259259259256 0.03605788423153692
0 0.4528888888888889 0.19808383233532892 0.034021164021163994 0.02717564870259483
0 0.4782433862433863 0.20897205588822387 0.029925925925925898 0.03100798403193612
0 0.49086772486772473 0.34731536926147727 0.040158730158730206 0.04204590818363273
0 0.5173756613756615 0.38873253493013993 0.03833862433862436 0.037205588822355265
0 0.7444761904761904 0.5039520958083833 0.03941798941798942 0.04413173652694614
0 0.5063492063492063 0.5408982035928139 0.058687830687830726 0.058403193612774434
0 0.4613862433862434 0.5952994011976046 0.03615873015873011 0.03513972055888227
0 0.26705820105820094 0.44416167664670675 0.033037037037037066 0.02616766467065871
0 0.21315343915343923 0.450109780439122 0.03302645502645501 0.02617764471057886
0 0.19892063492063494 0.4864471057884232 0.0467301587301587 0.03491017964071858
0 0.20052910052910053 0.5239321357285425 0.03513227513227512 0.03798403193612769
0 0.24924867724867722 0.6636127744510975 0.022497354497354488 0.02217564870259484
0 0.23702645502645503 0.6966367265469059 0.038275132275132295 0.03407185628742525
0 0.7772486772486773 0.950508982035928 0.01843386243386251 0.027035928143712494
0 0.7592592592592593 0.9940119760479041 0.037037037037037035 0.011976047904191617