0 0.6863026819923371 0.2836463536463535 0.037835249042145594 0.03634365634365634
0 0.4563793103448276 0.1713186813186811 0.02045977011494254 0.023376623376623353
0 0.4549616858237548 0.34860139860139844 0.02373563218390802 0.02829170829170834
0 0.4594157088122605 0.36964035964035985 0.018438697318007662 0.016473526473526484
0 0.6771264367816091 0.5415784215784215 0.011858237547892825 0.022467532467532476
0 0.6934865900383141 0.501938061938062 0.027078544061302664 0.02719280719280722
0 0.9406321839080459 0.49003996003996025 0.023256704980842886 0.019440559440559477
0 0.9328639846743295 0.511968031968032 0.01579501915708813 0.037252747252747215
0 0.9367528735632185 0.6372727272727271 0.015517241379310388 0.016163836163836227
0 0.9210249042145593 0.6877422577422576 0.018419540229885074 0.017072927072926992
0 0.897567049808429 0.7147452547452547 0.02317049808429124 0.03338661338661346
0 0.9271072796934866 0.7802397602397603 0.029003831417624495 0.024055944055943985
0 0.6901149425287356 0.8442657342657344 0.0374808429118775 0.03638361638361646
0 0.6950478927203065 0.9460639360639362 0.014549808429118826 0.014385614385614476
0 0.44014367816091954 0.9096403596403598 0.024118773946360104 0.01924075924075923
0 0.4583524904214559 0.8336663336663337 0.01831417624521073 0.019180819180819226
0 0.9258045977011494 0.014625374625374726 0.022385057471264264 0.015184815184815187