0 0.41008465608465605 0.21947105788423155 0.04155555555555553 0.034121756487025943
0 0.40267724867724863 0.35178642714570857 0.03716402116402117 0.0311477045908184
0 0.43132275132275133 0.30945109780439123 0.04571428571428576 0.040179640718562865
0 0.6926243386243386 0.43064870259481036 0.026783068783068725 0.02724550898203588
0 0.9635449735449735 0.1551497005988024 0.045650793650793754 0.03548902195608783
0 0.9465714285714285 0.5772954091816368 0.06289947089947096 0.05117764471057881
0 0.9423068783068783 0.6666067864271458 0.04562962962962951 0.04614770459081837
0 0.9523280423280424 0.7135728542914171 0.05322751322751318 0.05237524950099802
0 0.6693968253968254 0.7774151696606787 0.01820105820105825 0.020169660678642752
0 0.7190582010582011 0.7688922155688622 0.03516402116402118 0.034990019960079784
0 0.43332275132275133 0.7988922155688623 0.0372592592592593 0.035159680638722574
0 0.4 0.9935129740518962 0.03597883597883598 0.012974051896207584
0 0.6866772486772487 0.9161976047904191 0.03390476190476187 0.03808383233532942
0 0.9174391534391535 0.8698003992015968 0.012867724867724955 0.012984031936127736