0 0.9301427115188583 0.14022954091816367 0.021539245667686144 0.025069860279441122
0 0.39604485219164115 0.1675948103792416 0.015484199796126457 0.014301397205588807
0 0.41031600407747193 0.1431536926147705 0.015514780835881781 0.013133732534930165
0 0.40827726809378184 0.22701596806387228 0.027757390417940894 0.02706586826347306
0 0.3878389398572885 0.365748502994012 0.021478083588175382 0.02120758483033932
0 0.6553822629969418 0.4096606786427146 0.028878695208970365 0.03717564870259481
0 0.9026299694189602 0.28990019960079844 0.03386340468909279 0.031107784431137684
0 0.8962487257900102 0.36373253493013974 0.033312945973496495 0.03322355289421154
0 0.8833639143730887 0.4281437125748503 0.05020387359836901 0.05619760479041911
0 0.9016411824668705 0.7768562874251498 0.0420081549439348 0.03758483033932144
0 0.8792354740061162 0.5714271457085828 0.03997961264016313 0.037055888223553005
0 0.6626503567787971 0.6152694610778443 0.026625891946992754 0.02717564870259483
0 0.39236493374108056 0.660189620758483 0.020193679918450506 0.025119760479041988
0 0.409796126401631 0.7076347305389221 0.022660550458715616 0.03602794411177636
0 0.38531090723751277 0.8088822355289421 0.03688073394495408 0.034980039920159633
0 0.40621814475025486 0.9376347305389221 0.031794087665647355 0.037115768463073906