0 0.4 0.010479041916167664 0.03597883597883598 0.020958083832335328
0 0.674074074074074 0.038902195608782456 0.021386243386243425 0.022215568862275454
0 0.681989417989418 0.07432135728542917 0.02662433862433871 0.03116766467065868
0 0.9486878306878307 0.12573852295409182 0.04788359788359788 0.04221556886227546
0 0.9486878306878307 0.07530938123752498 0.026677248677248716 0.013133732534930137
0 0.9619470899470899 0.02845309381237524 0.04030687830687822 0.03310379241516966
0 0.9407301587301587 0.43564870259481037 0.03405291005291012 0.03318363273453094
0 0.6805079365079365 0.2784031936127745 0.02982010582010589 0.028053892215568876
0 0.39946031746031746 0.5723153692614771 0.03081481481481482 0.0311077844311378
0 0.44873015873015876 0.5723153692614771 0.050910052910052926 0.04904191616766477
0 0.4338201058201058 0.6713872255489022 0.025481481481481525 0.04565868263473054
0 0.7025820105820106 0.8587724550898204 0.019142857142857055 0.025189620758483043
0 0.7258941798941799 0.8473053892215568 0.025587301587301655 0.029930139720558892
0 0.9306137566137566 0.7050399201596806 0.02674074074074072 0.019091816367265577
0 0.90794708994709 0.6675349301397204 0.027746031746031775 0.026047904191616674
0 0.9507936507936507 0.9770459081836327 0.04973544973544974 0.04590818363273453
0 0.6932275132275133 0.9610578842315369 0.04042328042328047 0.04010978043912181