0 0.4230377166156983 0.008982035928143712 0.04485219164118247 0.017964071856287425
0 0.6784913353720693 0.038852295409181475 0.03567787971457696 0.040179640718562865
0 0.696197757390418 0.199111776447106 0.026687054026503634 0.02713572854291417
0 0.9009989806320081 0.16261477045908143 0.05132517838939848 0.04035928143712575
0 0.9072477064220184 0.024970059880239502 0.014495412844036725 0.016167664670658687
0 0.9031600407747197 0.000998003992015968 0.022426095820591234 0.001996007984031936
0 0.9219775739041794 0.3957684630738527 0.04621814475025476 0.04927145708582835
0 0.9185423037716616 0.4650798403193615 0.03678899082568799 0.03012974051896213
0 0.6620693170234455 0.5718463073852293 0.023618756371050022 0.020179640718562902
0 0.6839653414882773 0.7649500998003987 0.0288379204892966 0.017275449101796354
0 0.9092864424057084 0.8442914171656682 0.02463812436289508 0.020279441117764408
0 0.8817329255861366 0.8602495009980042 0.020621814475025504 0.028203592814371247
0 0.9071355759429154 0.9481237524950105 0.03872579001019369 0.03607784431137734
0 0.9204892966360856 0.9845309381237525 0.034658511722731905 0.03093812375249501
0 0.6951681957186545 0.8657085828343309 0.012344546381243528 0.017085828343313264
0 0.4035881753312946 0.9400798403193613 0.018379204892966333 0.014251497005987997
0 0.40672782874617736 0.977025948103792 0.022660550458715616 0.018173652694610815