0 0.18297655453618755 0.000998003992015968 0.029561671763506627 0.001996007984031936
0 0.1875637104994903 0.009481037924151697 0.01834862385321101 0.018962075848303395
0 0.14628950050968398 0.02498003992015988 0.013537206931702317 0.018193612774451102
0 0.19009174311926608 0.530888223552894 0.029877675840978595 0.026237524950099764
0 0.20181447502548422 0.38016966067864255 0.03893985728848113 0.04002994011976049
0 0.4271865443425076 0.0942814371257483 0.024750254841997932 0.03305389221556887
0 0.442375127420999 0.11126746506986006 0.03681957186544343 0.031157684630738522
0 0.45005096839959224 0.33829341317365247 0.01956167176350668 0.0181137724550898
0 0.43775739041794093 0.374301397205589 0.019633027522935772 0.02812375249500993
0 0.676809378185525 0.20468063872255504 0.039021406727828715 0.040279441117764485
0 0.671743119266055 0.354760479041916 0.03294597349643215 0.04108782435129736
0 0.45100917431192666 0.7859780439121758 0.01964322120285421 0.019241516966067837
0 0.42559633027522936 0.769550898203593 0.017635066258919422 0.015928143712574887
0 0.4229969418960245 0.7419660678642713 0.030744138634046857 0.037005988023952024
0 0.6529051987767585 0.9325948103792415 0.027737003058104014 0.019041916167664596
0 0.205881753312946 0.6709381237524952 0.01848114169215086 0.013812375249500916
0 0.17425076452599395 0.5657984031936126 0.01633027522935778 0.010159680638722619