0 0.9507936507936507 0.000499001996007984 0.04973544973544974 0.000998003992015968
0 0.6670899470899471 0.294570858283433 0.043682539682539656 0.03458083832335327
0 0.6872804232804233 0.35432135728542935 0.024529100529100595 0.02220558882235529
0 0.7492592592592592 0.40563872255489003 0.02114285714285716 0.02710578842315366
0 0.7148571428571429 0.4491217564870259 0.022486772486772486 0.034141716566866306
0 0.9248148148148149 0.39023952095808384 0.021439153439153428 0.01619760479041918
0 0.9445079365079364 0.5674151696606788 0.0373015873015873 0.03514970059880242
0 0.916962962962963 0.6776247504990021 0.020158730158730112 0.026117764471057958
0 0.9380740740740741 0.800888223552894 0.03697354497354503 0.017165668662674695
0 0.4088677248677249 0.5902794411177645 0.02834920634920631 0.04116766467065868
0 0.4158095238095238 0.7070658682634731 0.032137566137566145 0.03502994011976039
0 0.40788359788359785 0.740998003992016 0.03710052910052916 0.03127744510978036
0 0.435968253968254 0.7969560878243515 0.046751322751322696 0.0392215568862275
0 0.40631746031746035 0.8922954091816366 0.05117460317460319 0.05006986027944119
0 0.41906878306878304 0.9590818363273453 0.04686772486772483 0.04618762475049897