0 0.23711111111111105 0.11921157684630743 0.04670899470899469 0.02915169660678642
0 0.2581904761904762 0.018483033932135712 0.012888888888888896 0.012994011976047902
0 0.7238201058201058 0.061377245508982034 0.021386243386243425 0.019151696606786426
0 0.46831746031746024 0.053872255489021977 0.06034920634920632 0.05224550898203592
0 0.47398941798941807 0.10229540918163672 0.0381481481481481 0.029141716566866257
0 0.7391534391534391 0.21667664670658673 0.035301587301587195 0.04223552894211576
0 0.7328994708994708 0.24666666666666676 0.01829629629629626 0.020239520958083804
0 0.23179894179894175 0.6137824351297405 0.033968253968253995 0.03424151696606781
0 0.5227619047619048 0.527005988023952 0.034137566137566126 0.03608782435129743
0 0.7296719576719576 0.8537025948103794 0.03522751322751319 0.03299401197604785
0 0.7296296296296296 0.9825349301397206 0.0455026455026455 0.03493013972055888
0 0.4544973544973545 0.9935129740518962 0.02433862433862434 0.012974051896207584
0 0.20110052910052906 0.9610978043912175 0.0172275132275132 0.020159680638722602