0 0.23553439153439146 0.3732834331337325 0.037142857142857165 0.03821357285429138
0 0.5306878306878307 0.37894211576846304 0.03510052910052912 0.04339321357285431
0 0.5009947089947091 0.19268463073852296 0.037322751322751306 0.04008982035928145
0 0.5017460317460318 0.1595508982035928 0.036518518518518506 0.029900199600798382
0 0.48990476190476195 0.09764471057884232 0.03604232804232799 0.02988023952095808
0 0.7502539682539683 0.5264670658682634 0.02771428571428577 0.027105788423153775
0 0.7618412698412699 0.5698502994011976 0.04452910052910045 0.03417165668662676
0 0.4889841269841269 0.5668263473053893 0.025481481481481525 0.026037924151696524
0 0.5126455026455027 0.6073552894211577 0.017915343915343863 0.019231536926147687
0 0.5402116402116403 0.6076946107784431 0.02431746031746034 0.01805389221556878
0 0.27031746031746035 0.9146806387225549 0.015978835978836002 0.021117764471057968
0 0.7470793650793651 0.6691616766467066 0.04442328042328044 0.045259481037924064
0 0.7154179894179894 0.8961676646706587 0.04447619047619045 0.028203592814371247