0 0.47524867724867714 0.03645708582834351 0.04045502645502647 0.05709580838323354
0 0.7053439153439153 0.18163672654690619 0.05594708994708983 0.03811377245508982
0 0.7316825396825397 0.2340319361277445 0.03925925925925916 0.03117764471057885
0 0.45930158730158727 0.20665668662674666 0.025703703703703666 0.032035928143712596
0 0.4724867724867725 0.3188423153692615 0.0328042328042328 0.03309381237524947
0 0.7275026455026455 0.7105888223552896 0.035079365079365175 0.032155688622754516
0 0.764 0.7744810379241519 0.019301587301587313 0.01825349301397202
0 0.5137248677248678 0.9521257485029943 0.022433862433862483 0.01224550898203591
0 0.47194708994708995 0.8258782435129742 0.03186243386243388 0.02114770459081842
0 0.2258835978835979 0.9226247504990018 0.01389417989417989 0.01122754491017964
0 0.7215873015873017 0.38571856287425127 0.027629629629629525 0.031117764471057834
0 0.7306772486772487 0.4245908183632735 0.035111111111111176 0.03308383233532932
0 0.2119788359788359 0.8375249500998002 0.0458730158730159 0.04917165668662673
0 0.22716402116402123 0.8481736526946106 0.026835978835978852 0.02630738522954082
0 0.21539682539682534 0.6906487025948106 0.03481481481481479 0.031876247504990074
0 0.21002116402116405 0.6178642714570858 0.03941798941798942 0.03814371257485032
0 0.20841269841269847 0.5074950099800402 0.034084656084656065 0.0392015968063872
0 0.2586243386243387 0.48154690618762497 0.02888888888888887 0.021127744510978003
0 0.24603174603174602 0.3517764471057884 0.030984126984126954 0.03104790419161678