0 0.46882183908045977 0.06195804195804194 0.020469348659003836 0.01408591408591408
0 0.46347701149425286 0.07585414585414592 0.02321839080459771 0.018151848151848168
0 0.4592337164750958 0.0913286713286714 0.020344827586206905 0.019330669330669323
0 0.4718199233716475 0.12034965034965038 0.01640804597701149 0.013176823176823175
0 0.7346264367816092 0.37309690309690313 0.03301724137931037 0.03341658341658346
0 0.6987260536398467 0.4000599400599401 0.037672413793103376 0.02744255744255747
0 0.6924808429118774 0.4285914085914086 0.03678160919540239 0.04834165834165833
0 0.45827586206896553 0.3217382617382617 0.022318007662835204 0.026733266733266724
0 0.4536781609195402 0.463036963036963 0.022193486590038274 0.029310689310689343
0 0.4631800766283525 0.8675124875124877 0.020545977011494295 0.023166833166833222
0 0.7136206896551724 0.7202197802197803 0.029080459770114846 0.028371628371628464
0 0.7042624521072797 0.8920779220779221 0.03903256704980843 0.02822177822177822
0 0.7265804597701149 0.921108891108891 0.0356609195402299 0.028331668331668232
0 0.9027969348659004 0.8414085914085914 0.033946360153256756 0.024885114885114967