0 0.4317125382262997 0.13416167664670642 0.03385321100917435 0.02712574850299402
0 0.3893577981651376 0.31783433133732514 0.04700305810397555 0.04303393213572855
0 0.6498572884811417 0.28639720558882215 0.03604485219164108 0.03415169660678646
0 0.6692456676860347 0.24200598802395187 0.0481651376146789 0.04904191616766466
0 0.6370846075433232 0.1247305389221557 0.030744138634046975 0.030119760479041923
0 0.915474006116208 0.5204191616766467 0.012334352701325086 0.021087824351297458
0 0.9346687054026503 0.5114271457085826 0.024495412844036668 0.02717564870259483
0 0.9087971457696228 0.3488423153692614 0.02166156982670744 0.017285429141716616
0 0.9301936799184506 0.6706586826347305 0.017573904179408777 0.028153692614770496
0 0.8935881753312946 0.7545209580838326 0.031661569826707384 0.0282335329341317
0 0.9215494393476045 0.8043712574850299 0.03881753312945966 0.0439720558882235
0 0.9066768603465851 0.8207984031936129 0.025310907237512666 0.023163672654690656
0 0.6759429153924567 0.7668762475049898 0.01835881753312945 0.012954091816367284
0 0.4286238532110092 0.8133632734530936 0.04803261977573905 0.0341017964071857
0 0.41021406727828746 0.8477844311377246 0.04602446483180426 0.03311377245508988
0 0.4230377166156983 0.9855289421157685 0.04485219164118247 0.028942115768463075
0 0.6508970438328237 0.9745708582834332 0.04609582059123346 0.047215568862275396
0 0.9031600407747197 0.9920159680638723 0.022426095820591234 0.015968063872255488