0 0.6972680937818553 0.12722554890219562 0.024607543323139757 0.011357285429141712
0 0.6937104994903159 0.11173652694610782 0.011478083588175323 0.012055888223552906
0 0.1896228338430173 0.2470059880239521 0.024699286442405727 0.024960079840319352
0 0.4413455657492355 0.12326347305389221 0.032956167176350706 0.025199600798403193
0 0.43829765545361876 0.24253493013972055 0.028888888888888922 0.030159680638722583
0 0.4627726809378186 0.26348303393213574 0.022793068297655466 0.014351297405189617
0 0.4434964322120285 0.2723652694610779 0.03086646279306827 0.020319361277445123
0 0.6993068297655454 0.2105688622754491 0.04305810397553518 0.030219560878243484
0 0.705382262996942 0.1895508982035929 0.042956167176350764 0.03236526946107785
0 0.711039755351682 0.17110778443113778 0.0400713557594291 0.02720558882235528
0 0.705453618756371 0.4280638722554891 0.03271151885830777 0.040199600798403165
0 0.6809378185524975 0.450558882235529 0.03084607543323139 0.045259481037924175
0 0.4200305810397553 0.5463173652694612 0.02261977573904185 0.03158682634730548
0 0.40329255861365965 0.5364570858283433 0.03161060142711518 0.029241516966067818
0 0.6650764525993884 0.6352495009980039 0.045810397553516874 0.04736526946107788
0 0.6713455657492354 0.6145209580838323 0.04207951070336389 0.021846307385229642
0 0.690632008154944 0.5842814371257485 0.048134556574923576 0.0450698602794412
0 0.6849235474006117 0.7210778443113772 0.02674821610601428 0.01907185628742505
0 0.42566768603465843 0.8986826347305389 0.015402650356778812 0.02700598802395204
0 0.6595514780835882 0.8982035928143712 0.03281345565749241 0.03425149700598796
0 0.6803771661569827 0.9141716566866267 0.03799184505606522 0.03611776447105794
0 0.6626095820591233 0.8543013972055888 0.03469928644240567 0.03411177644710585
0 0.6701834862385322 0.8094211576846307 0.023557594291539145 0.020109780439121847
0 0.6890825688073394 0.8267165668662674 0.03694189602446484 0.033383233532934174