0 0.6656084656084656 0.003493013972055888 0.027513227513227514 0.006986027944111776
0 0.39521693121693124 0.07733532934131715 0.03719576719576717 0.035229540918163674
0 0.41907936507936505 0.12768463073852254 0.042433862433862456 0.03203592814371258
0 0.4242645502645503 0.26990019960079803 0.03220105820105815 0.035189620758483024
0 0.6941693121693122 0.17862275449101753 0.03380952380952386 0.028043912175648725
0 0.9264656084656084 0.14476047904191636 0.04977777777777774 0.05205588822355288
0 0.936042328042328 0.15920159680638765 0.02660317460317471 0.03683632734530935
0 0.9296296296296296 0.18907185628742496 0.039460317460317425 0.025309381237524964
0 0.9317248677248677 0.5852894211576847 0.03920634920634916 0.037015968063872175
0 0.9153227513227513 0.462994011976048 0.029788359788359885 0.03999001996007989
0 0.6931640211640211 0.47356287425149723 0.023566137566137547 0.031107784431137684
0 0.671904761904762 0.49271457085828324 0.013058201058200972 0.011696606786427173
0 0.4264232804232804 0.467115768463074 0.03633862433862437 0.03801397205588825
0 0.4412592592592593 0.5444111776447106 0.021365079365079424 0.017175648702594845
0 0.43330158730158735 0.7514870259481036 0.04353439153439152 0.03613772455089824
0 0.4148677248677249 0.9036626746506988 0.040328042328042345 0.03514970059880242
0 0.6973227513227513 0.8836826347305388 0.03613756613756623 0.03113772455089825
0 0.7325396825396825 0.7995209580838323 0.02555555555555565 0.020119760479041997
0 0.916878306878307 0.7265369261477044 0.035026455026454933 0.03808383233532942