0 0.19492337164750959 0.02197802197802198 0.045019157088122604 0.04395604395604396
0 0.39944444444444444 0.04892107892107895 0.017567049808429148 0.04037962037962039
0 0.4328256704980842 0.05081918081918071 0.05586206896551729 0.05607392607392607
0 0.4118773946360153 0.004995004995004995 0.034482758620689655 0.00999000999000999
0 0.4248084291187739 0.008491508491508492 0.023946360153256706 0.016983016983016984
0 0.18392720306513408 0.14183816183816186 0.04820881226053638 0.04415584415584414
0 0.18107279693486586 0.1807492507492508 0.051992337164750935 0.04023976023976021
0 0.4075478927203065 0.18326673326673332 0.03942528735632181 0.055234765234765254
0 0.44014367816091954 0.24175824175824176 0.014588122605364002 0.020109890109890106
0 0.6422509578544061 0.1882717282717283 0.027892720306513307 0.025314685314685288
0 0.6571072796934866 0.26278721278721273 0.04613984674329509 0.030289710289710312
0 0.42522030651341003 0.4438661338661338 0.03091954022988503 0.037162837162837206
0 0.6632662835249042 0.41457542457542457 0.04735632183908051 0.03811188811188809
0 0.15185823754789268 0.965004995004995 0.029961685823754764 0.026173826173826218
0 0.19551724137931023 0.583916083916084 0.016992337164750966 0.019370629370629472
0 0.6546264367816093 0.7967332667332667 0.03002873563218382 0.025204795204795225
0 0.19295019157088128 0.7078121878121878 0.008888888888888863 0.011348651348651248