0 0.15423371647509576 0.06740259740259766 0.021302681992337175 0.027112887112887105
0 0.1613793103448276 0.5025474525474527 0.02984674329501918 0.03217782217782222
0 0.4209961685823755 0.3371428571428567 0.039511494252873564 0.03712287712287709
0 0.39557471264367816 0.06341658341658298 0.036551724137931 0.025074925074925068
0 0.41475095785440613 0.08549450549450542 0.030833333333333386 0.035324675324675335
0 0.6441379310344828 0.23880119880119877 0.02218390804597709 0.022097902097902102
0 0.6502969348659005 0.26022977022977 0.019377394636015344 0.022957042957042977
0 0.6537356321839081 0.39462537462537506 0.01263409961685829 0.034215784215784216
0 0.4128544061302682 0.6253846153846156 0.03858237547892718 0.040229770229770215
0 0.4076245210727969 0.6837762237762238 0.03357279693486585 0.051298701298701205
0 0.6470785440613026 0.6723376623376626 0.024233716475095743 0.024315684315684233
0 0.64227969348659 0.6968431568431568 0.02995210727969347 0.023196803196803225