0 0.43879714576962286 0.03651696606786419 0.035820591233435256 0.03330339321357286
0 0.19877675840978593 0.28094810379241536 0.016513761467889895 0.013353293413173649
0 0.400703363914373 0.2939121756487026 0.04091743119266054 0.03139720558882239
0 0.6661977573904179 0.47702594810379245 0.013445463812436345 0.02224550898203589
0 0.6844852191641183 0.4785329341317363 0.027838939857288424 0.019131736526946067
0 0.17330275229357797 0.33826347305389226 0.03077471967380224 0.026087824351297393
0 0.4255861365953109 0.6741217564870258 0.037920489296636134 0.045139720558882254
0 0.6737614678899083 0.7136726546906187 0.030703363914372978 0.022155688622754535
0 0.6819367991845057 0.8552694610778443 0.01864424057084604 0.03011976047904198
0 0.6788990825688074 0.9679940119760477 0.022721712538226264 0.01810379241516976
0 0.42201834862385323 0.7953992015968062 0.022670744138634055 0.022055888223552804
0 0.16970438328236495 0.7759980039920161 0.027716615698267073 0.02722554890219558
0 0.1620285423037717 0.8008483033932134 0.02057084607543324 0.021297405189620675
0 0.18764525993883785 0.7949101796407185 0.030744138634046916 0.03326347305389214
0 0.17077471967380223 0.8457884231536926 0.04410805300713556 0.04105788423153703
0 0.16359836901121305 0.9365668662674651 0.03605504587155964 0.031067864271457194
0 0.18297655453618755 0.9895209580838323 0.029561671763506627 0.020958083832335328
0 0.1875637104994903 0.998003992015968 0.01834862385321101 0.003992015968063872