0 0.4196084656084656 0.04142714570858305 0.041460317460317406 0.03503992015968064
0 0.44605291005291003 0.09180638722554868 0.018243386243386252 0.018203592814371266
0 0.4386666666666667 0.13632734530938115 0.0286455026455027 0.029201596806387217
0 0.4322539682539683 0.2654690618762475 0.022380952380952356 0.01608782435129741
0 0.9153756613756614 0.3692914171656689 0.023544973544973546 0.024261477045908128
0 0.9275238095238095 0.4216167664670659 0.05209523809523811 0.04104790419161676
0 0.9252910052910053 0.5508383233532934 0.020306878306878363 0.01809381237524961
0 0.6794179894179894 0.5795708582834331 0.025386243386243394 0.026776447105788352
0 0.6983280423280422 0.5866866267465071 0.031883597883598 0.025968063872255472
0 0.3994708994708995 0.5090119760479044 0.02889947089947084 0.02608782435129745
0 0.4061693121693122 0.6481736526946106 0.023238095238095276 0.02306387225548892
0 0.4095661375661376 0.6806586826347305 0.05305820105820104 0.0439520958083832
0 0.42337566137566135 0.7310079840319359 0.019386243386243437 0.027105788423153775
0 0.42917460317460315 0.8346407185628743 0.024433862433862467 0.029021956087824277
0 0.42197883597883595 0.9620858283433136 0.015650793650793613 0.026247504990019915
0 0.4015873015873016 0.9749999999999999 0.0414179894179894 0.03800399201596799
0 0.6656084656084656 0.9890219560878244 0.027513227513227514 0.021956087824351298
0 0.710031746031746 0.9419860279441117 0.038105820105820094 0.02783433133732545