0 0.4213409961685825 0.3870429570429569 0.03470306513409963 0.03731268731268734
0 0.44304597701149423 0.1938461538461538 0.0376340996168582 0.028231768231768224
0 0.17140804597701154 0.2058741258741258 0.025191570881226064 0.022397602397602412
0 0.1824904214559387 0.12591408591408587 0.039434865900383156 0.0403896103896104
0 0.21876436781609204 0.0908491508491509 0.02201149425287358 0.022167832167832167
0 0.4146168582375478 0.46899100899100904 0.025373563218390814 0.017312687312687352
0 0.4109099616858238 0.4975224775224775 0.03101532567049808 0.03632367632367628
0 0.4348754789272031 0.5224675324675323 0.027030651340996196 0.036253746253746215
0 0.4038026819923371 0.5360539460539462 0.04342911877394639 0.05495504495504495
0 0.4022605363984675 0.726783216783217 0.021187739463601536 0.01921078921078923
0 0.44206896551724134 0.8071728271728272 0.016542145593869715 0.02427572427572423
0 0.6728544061302683 0.7911988011988009 0.02223180076628356 0.032327672327672224