0 0.43223180076628354 0.18733266733266776 0.033275862068965524 0.04522477522477521
0 0.4152394636015326 0.0989010989010989 0.018419540229885074 0.024215784215784224
0 0.4258141762452107 0.07540459540459542 0.03955938697318003 0.03728271728271727
0 0.15521072796934862 0.2407792207792212 0.01749999999999998 0.02429570429570429
0 0.18576628352490426 0.6817682317682315 0.03666666666666664 0.03516483516483521
0 0.20015325670498088 0.48149850149850104 0.03683908045977009 0.04627372627372632
0 0.20397509578544065 0.40508491508491484 0.011877394636015304 0.015164835164835114
0 0.194904214559387 0.4231268731268733 0.014511494252873541 0.02327672327672323
0 0.3941379310344828 0.7487912087912088 0.026024904214559347 0.0411188811188812
0 0.3783524904214559 0.9120879120879121 0.02893678160919544 0.03229770229770222
0 0.3869540229885058 0.8147152847152844 0.030804597701149395 0.029150849150849215
0 0.6564750957854405 0.8187512487512485 0.03589080459770118 0.03515484515484521
0 0.6354885057471265 0.7037862137862135 0.016570881226053595 0.021168831168831222
0 0.648802681992337 0.6678121878121874 0.02958812260536408 0.029180819180819217
0 0.6484674329501916 0.9275424575424578 0.013630268199233735 0.015304695304695241
0 0.6690804597701149 0.6702597402597406 0.03570881226053637 0.03413586413586421