0 0.6784199796126401 0.06529940119760462 0.01759429153924566 0.015079840319361285
0 0.43785932721712534 0.08280439121756467 0.02367991845056067 0.022185628742514958
0 0.7019164118246687 0.18163672654690619 0.013577981651376083 0.018213572854291416
0 0.4000713557594292 0.3971756487025951 0.013394495412844022 0.018213572854291416
0 0.6406931702344546 0.4226347305389217 0.023700305810397553 0.029181636726546917
0 0.6508154943934761 0.47311377245509023 0.023659531090723787 0.02219560878243514
0 0.6600509683995922 0.4968862275449103 0.029867482161060097 0.0181337325349301
0 0.41846075433231394 0.5693712574850301 0.027747196738022454 0.03511976047904197
0 0.17128440366972475 0.40615768463073876 0.028929663608562688 0.024151696606786472
0 0.17433231396534146 0.5608483033932138 0.030815494393476063 0.03621756487025944
0 0.16255861365953111 0.6725748502994012 0.015474006116207958 0.02221556886227544
0 0.15238532110091743 0.6072954091816369 0.021580020387359854 0.019321357285429042
0 0.14176350662589188 0.7564770459081834 0.016656472986748192 0.018193612774451116
0 0.4424159021406728 0.8587824351297405 0.026788990825688044 0.029151696606786463
0 0.45372069317023433 0.8417964071856283 0.024658511722731962 0.015089820359281329