0 0.9204892966360856 0.008483033932135729 0.034658511722731905 0.016966067864271458
0 0.40722731906218146 0.027844311377245145 0.023537206931702376 0.022175648702594808
0 0.39301732925586136 0.08484031936127766 0.01743119266055048 0.01608782435129741
0 0.4138735983690112 0.12723552894211554 0.02673802242609584 0.025119760479041933
0 0.8975229357798166 0.24801397205588843 0.015474006116208016 0.033383233532934146
0 0.9210601427115188 0.3118662674650696 0.04414882772680932 0.045129740518962104
0 0.909796126401631 0.3677245508982036 0.027737003058104014 0.03715568862275451
0 0.6693476044852191 0.5129141716566862 0.027920489296636188 0.028123752495009986
0 0.6595514780835882 0.5334930139720563 0.04116207951070348 0.03717564870259481
0 0.4362079510703364 0.5927944111776443 0.028786952089704394 0.018193612774451116
0 0.39910295616717634 0.69811377245509 0.021651376146789 0.02720558882235528
0 0.6508970438328237 0.7979041916167665 0.03393476044852188 0.03921157684630735
0 0.6478083588175332 0.9520658682634733 0.009378185524974563 0.020219560878243503
0 0.9073088685015291 0.9461077844311377 0.030611620795107007 0.028323353293413282