0 0.9101414141414141 0.20592369477911637 0.042595959595959666 0.06436746987951808
0 0.9025151515151515 0.06880522088353434 0.02727272727272727 0.031345381526104416
0 0.6525858585858585 0.17864457831325284 0.04258585858585867 0.04613453815261043
0 0.6338484848484849 0.017038152610441795 0.02344444444444448 0.022269076305220882
0 0.4090909090909091 0.006526104417670682 0.06868686868686869 0.013052208835341365
0 0.39395959595959595 0.6184638554216866 0.05257575757575753 0.050200803212851405
0 0.3945050505050505 0.5558433734939758 0.04352525252525256 0.029006024096385644
0 0.6711919191919192 0.4608534136546187 0.02522222222222225 0.022148594377509986
0 0.6535252525252525 0.42017068273092345 0.03048484848484855 0.02729919678714865
0 0.9120909090909091 0.45975903614457836 0.06073737373737385 0.056425702811245024
0 0.4127171717171717 0.882570281124498 0.04588888888888884 0.036285140562249095
0 0.3847878787878788 0.9222289156626505 0.04059595959595954 0.04930722891566255