0 0.8909393939393939 0.413182730923695 0.040656565656565655 0.04144578313253009
0 0.8949393939393939 0.47132530120481936 0.042545454545454435 0.05135542168674696
0 0.9056262626262627 0.43886546184738967 0.025191919191919248 0.019989959839357398
0 0.8995353535353535 0.3443875502008034 0.05766666666666658 0.04042168674698794
0 0.8908989898989899 0.2916967871485946 0.056545454545454565 0.03531124497991964
0 0.8871212121212121 0.2600803212851405 0.038818181818181884 0.038393574297188766
0 0.895969696969697 0.13595381526104403 0.07675757575757576 0.07727911646586347
0 0.6707171717171717 0.26548192771084345 0.03843434343434339 0.031154618473895553
0 0.651070707070707 0.25305220883534135 0.025868686868686767 0.026315261044176714
0 0.6559393939393939 0.13907630522088352 0.02319191919191923 0.017228915662650626
0 0.403030303030303 0.3418574297188753 0.0504949494949495 0.053363453815261024
0 0.41257575757575754 0.5717570281124496 0.04150505050505054 0.04940763052208839
0 0.4484848484848485 0.5727510040160643 0.03474747474747472 0.03721887550200797
0 0.4327878787878788 0.6294879518072287 0.05385858585858591 0.038403614457831324
0 0.42335353535353537 0.7870783132530119 0.046838383838383846 0.060391566265060335
0 0.4172020202020202 0.892991967871486 0.042676767676767674 0.047148594377510074
0 0.42777777777777776 0.9974899598393574 0.047474747474747475 0.0050200803212851405
0 0.6665555555555556 0.5918875502008032 0.024717171717171745 0.03946787148594372
0 0.695969696969697 0.6927409638554215 0.034494949494949585 0.04039156626506026
0 0.7227878787878788 0.6717068273092369 0.03769696969696963 0.036184738955823255
0 0.6696363636363637 0.8001204819277109 0.03663636363636362 0.03248995983935733
0 0.6707575757575757 0.8357630522088354 0.044535353535353456 0.04111445783132535
0 0.8697575757575757 0.946285140562249 0.03456565656565659 0.045100401606425776
0 0.9187272727272727 0.9216767068273091 0.04975757575757575 0.06237951807228927
0 0.9187777777777778 0.8649899598393577 0.03332323232323233 0.04330321285140573
0 0.902989898989899 0.8354317269076307 0.05668686868686858 0.032389558232931714