0 0.16716161616161618 0.02759036144578315 0.039575757575757584 0.053263052208835336
0 0.650070707070707 0.17522088353413653 0.0455959595959597 0.045351405622489974
0 0.657 0.20535140562248994 0.05783838383838383 0.035180722891566284
0 0.6984747474747475 0.29063253012048196 0.037353535353535375 0.039216867469879464
0 0.4213131313131312 0.38956827309236947 0.08138383838383832 0.06035140562248997
0 0.40466666666666656 0.33631526104417675 0.04602020202020197 0.05628514056224894
0 0.3879494949494949 0.5466465863453815 0.01227272727272725 0.023182730923694696
0 0.45702020202020205 0.5361144578313253 0.03950505050505052 0.04422690763052204
0 0.6363434343434343 0.4968373493975903 0.03489898989898985 0.03660642570281128
0 0.6744242424242425 0.49301204819277106 0.04138383838383841 0.03444779116465858
0 0.4373232323232324 0.2856827309236947 0.038808080808080764 0.05355421686746991
0 0.44010101010101016 0.3378714859437751 0.031777777777777814 0.035461847389558286
0 0.3984848484848485 0.2526104417670682 0.06382828282828289 0.0632228915662651
0 0.18138383838383831 0.4011345381526104 0.029444444444444422 0.03348393574297191
0 0.1484444444444445 0.4342369477911647 0.01629292929292929 0.023303212851405658
0 0.1527575757575758 0.6666767068273092 0.03717171717171718 0.042479919678714805
0 0.20802020202020208 0.6747289156626506 0.022515151515151537 0.024357429718875494
0 0.41718181818181815 0.679698795180723 0.04449494949494945 0.04024096385542161
0 0.6637777777777779 0.6963052208835341 0.048676767676767735 0.03526104417670672
0 0.6783636363636363 0.7364357429718875 0.05358585858585854 0.057640562248996066
0 0.7096464646464646 0.9044779116465862 0.047565656565656485 0.04400602409638547
0 0.1701919191919192 0.9472991967871486 0.045444444444444454 0.03545180722891561