0 0.201 0.14763052208835337 0.060787878787878794 0.044246987951807225
0 0.17676767676767677 0.026606425702811246 0.046464646464646465 0.05321285140562249
0 0.7146363636363636 0.12450803212851427 0.03330303030303033 0.02633534136546185
0 0.6904242424242424 0.14666666666666658 0.033383838383838335 0.040321285140562234
0 0.699070707070707 0.38501004016064283 0.04077777777777767 0.051244979919678676
0 0.44292929292929295 0.2619879518072285 0.0557878787878788 0.06831325301204819
0 0.19187878787878793 0.4543172690763052 0.028404040404040407 0.02932730923694783
0 0.18585858585858586 0.9914658634538153 0.052525252525252523 0.01706827309236948
0 0.19393939393939394 0.9831827309236948 0.026737373737373765 0.023694779116465774
0 0.1817676767676768 0.8594678714859435 0.05465656565656567 0.05836345381526115
0 0.17674747474747476 0.6726405622489958 0.03844444444444445 0.046305220883534025
0 0.4163333333333334 0.5687851405622493 0.06530303030303028 0.059558232931726844
0 0.6884242424242424 0.7967469879518077 0.0394848484848484 0.039246987951807144
0 0.7138181818181819 0.7048393574297193 0.04353535353535344 0.038092369477911704
0 0.6904343434343434 0.6681224899598391 0.05144444444444451 0.051506024096385494
0 0.6576767676767676 0.6346084337349395 0.04666666666666671 0.0483935742971888
0 0.6905252525252524 0.9532429718875505 0.05774747474747482 0.03925702811244971