0 0.3878787878787879 0.000502008032128514 0.052525252525252523 0.001004016064257028
0 0.40654545454545454 0.2641064257028112 0.05774747474747471 0.06643574297188753
0 0.4080808080808081 0.15599397590361436 0.046454545454545464 0.0389156626506024
0 0.647979797979798 0.20484939759036142 0.039505050505050404 0.038393574297188766
0 0.8792929292929293 0.000502008032128514 0.051515151515151514 0.001004016064257028
0 0.9464545454545454 0.4066265060240964 0.03857575757575763 0.048493975903614414
0 0.8787676767676768 0.5080020080321286 0.06076767676767685 0.04642570281124499
0 0.8939494949494949 0.5863654618473896 0.01841414141414143 0.022168674698795108
0 0.8667070707070706 0.5758333333333333 0.018464646464646437 0.02128514056224904
0 0.6511010101010102 0.5291867469879518 0.029464646464646537 0.028303212851405676
0 0.6596363636363636 0.3906224899598393 0.03858585858585863 0.04233935742971883
0 0.6799292929292929 0.3793373493975903 0.022363636363636464 0.014206827309236924
0 0.4096161616161616 0.6240562248995983 0.06373737373737376 0.04978915662650594
0 0.3853131313131313 0.6625301204819278 0.02558585858585863 0.03637550200803215
0 0.4085858585858586 0.6801706827309237 0.03757575757575762 0.04537148594377516
0 0.40616161616161617 0.7850903614457831 0.04059595959595965 0.03637550200803215
0 0.6409191919191919 0.7831325301204819 0.039616161616161646 0.04636546184738962
0 0.6555959595959595 0.7194277108433734 0.032606060606060576 0.03919678714859434
0 0.675949494949495 0.7112650602409639 0.020222222222222204 0.015210843373494067
0 0.686959595959596 0.6986546184738954 0.03469696969696961 0.016214859437751094
0 0.4090909090909091 0.9809236947791165 0.06868686868686869 0.03815261044176707