0 0.42777777777777776 0.028112449799196786 0.047474747474747475 0.05622489959839357
0 0.4206868686868687 0.07477911646586347 0.04339393939393943 0.04934738955823294
0 0.899 0.11257028112449788 0.026474747474747512 0.0282831325301205
0 0.9283737373737374 0.1892670682730926 0.024424242424242487 0.01724899598393575
0 0.9116060606060606 0.0230522088353414 0.029464646464646537 0.03824297188755021
0 0.9212929292929294 0.3384136546184743 0.04837373737373747 0.0462349397590361
0 0.8873030303030303 0.2665261044176707 0.023696969696969734 0.019277108433734955
0 0.8914747474747474 0.47690763052208834 0.0496161616161615 0.05016064257028116
0 0.6873030303030303 0.4439859437751004 0.06585858585858591 0.038604417670682775
0 0.6806969696969697 0.3945983935742976 0.030323232323232304 0.04633534136546182
0 0.6802424242424243 0.35242971887550245 0.02735353535353528 0.03228915662650599
0 0.6633333333333333 0.32387550200803206 0.049262626262626244 0.05333333333333334
0 0.6762121212121213 0.27457831325301163 0.03970707070707065 0.03332329317269082
0 0.4404242424242424 0.2354317269076303 0.044474747474747445 0.02519076305220881
0 0.4192626262626263 0.2838855421686747 0.022353535353535348 0.027610441767068273
0 0.44252525252525254 0.2951606425702807 0.03231313131313132 0.0361746987951807
0 0.40920202020202023 0.4383132530120486 0.05876767676767672 0.06100401606425702
0 0.6666464646464647 0.7520180722891568 0.03635353535353536 0.034327309236947844
0 0.6888686868686869 0.7607028112449797 0.03450505050505059 0.03741967871485942
0 0.4394242424242424 0.9589156626506024 0.04052525252525253 0.04233935742971895
0 0.6585858585858586 0.9979919678714859 0.028282828282828285 0.004016064257028112
0 0.6873737373737374 0.9914658634538153 0.03535353535353535 0.01706827309236948
0 0.6939898989898989 0.9201506024096389 0.05867676767676759 0.06340361445783142