0 0.4322323232323233 0.23983935742971899 0.054565656565656546 0.052489959839357406
0 0.402060606060606 0.21030120481927714 0.050515151515151506 0.05107429718875502
0 0.19698989898989896 0.1456024096385542 0.028494949494949476 0.040190763052208825
0 0.17224242424242422 0.07130522088353412 0.023303030303030298 0.02021084337349397
0 0.17127272727272722 0.05027108433734934 0.02758585858585859 0.016054216867469873
0 0.17423232323232324 0.40865461847389556 0.035535353535353545 0.03826305220883536
0 0.16772727272727267 0.4934437751004014 0.044636363636363634 0.03326305220883534
0 0.16527272727272715 0.552710843373494 0.04564646464646464 0.05325301204819274
0 0.17625252525252527 0.655140562248996 0.051696969696969707 0.06741967871485953
0 0.17477777777777775 0.7666666666666666 0.03662626262626262 0.03344377510040155
0 0.39489898989898997 0.658524096385542 0.04676767676767672 0.05042168674698798
0 0.41775757575757566 0.6300702811244981 0.03356565656565658 0.031365461847389565
0 0.4066464646464646 0.3800903614457833 0.041575757575757544 0.051475903614457814
0 0.6727676767676767 0.372961847389558 0.05057575757575751 0.03940763052208835
0 0.4202424242424242 0.859467871485944 0.03838383838383838 0.02843373493975897
0 0.43136363636363634 0.8202510040160641 0.036474747474747486 0.0383333333333334
0 0.39245454545454544 0.7913353413654619 0.02338383838383836 0.028584337349397616