0 0.18585858585858586 0.01706827309236948 0.052525252525252523 0.03413654618473896
0 0.6666868686868687 0.08646586345381516 0.04459595959595969 0.054317269076305214
0 0.695 0.22243975903614477 0.06676767676767667 0.057510040160642546
0 0.6908686868686869 0.48599397590361465 0.046737373737373716 0.04266064257028113
0 0.6716767676767678 0.36346385542168697 0.05848484848484858 0.054457831325301215
0 0.6590909090909091 0.3102309236947789 0.0456666666666667 0.03221887550200806
0 0.4368585858585859 0.41468875502008007 0.05992929292929297 0.054538152610441815
0 0.4323535353535353 0.3362951807228914 0.056636363636363686 0.05826305220883531
0 0.45498989898989906 0.27909638554216826 0.06582828282828279 0.062429718875501986
0 0.4237575757575757 0.24083333333333323 0.06572727272727266 0.062158634538152575
0 0.449030303030303 0.20285140562248993 0.05352525252525253 0.05638554216867467
0 0.41454545454545466 0.16023092369477926 0.08366666666666671 0.07777108433734937
0 0.18494949494949486 0.08572289156626517 0.03839393939393938 0.03318273092369479
0 0.21152525252525262 0.10389558232931682 0.0374646464646465 0.021184738955823287
0 0.16623232323232318 0.48895582329317266 0.027707070707070715 0.0362550200803213
0 0.19587878787878796 0.5001706827309238 0.036555555555555556 0.040411646586345384
0 0.15665656565656558 0.27630522088353393 0.018373737373737372 0.02049196787148591
0 0.15617171717171707 0.1497389558232935 0.03133333333333332 0.03243975903614458
0 0.19853535353535348 0.15707831325301186 0.0536060606060606 0.04538152610441766
0 0.1995353535353535 0.9648895582329314 0.03932323232323233 0.04428714859437741
0 0.44595959595959594 0.7093875502008034 0.013313131313131263 0.023353413654618464
0 0.43741414141414137 0.6119979919678716 0.05057575757575763 0.05135542168674708
0 0.6929191919191919 0.7017771084337352 0.024424242424242487 0.026134538152610413
0 0.6752929292929293 0.7871385542168673 0.05159595959595952 0.04224899598393567
0 0.454111111111111 0.9472690763052204 0.061747474747474745 0.053413654618473944