0 0.6585858585858586 0.014056224899598393 0.028282828282828285 0.028112449799196786
0 0.6873737373737374 0.010542168674698794 0.03535353535353535 0.02108433734939759
0 0.9297272727272726 0.134578313253012 0.03166666666666657 0.04839357429718874
0 0.9161111111111112 0.35296184738955844 0.02835353535353529 0.04965863453815265
0 0.6450505050505051 0.2319176706827307 0.03140404040404032 0.03232931726907629
0 0.6450101010101009 0.28815261044176704 0.0254545454545455 0.03436746987951809
0 0.6868484848484848 0.49255020080321277 0.04661616161616171 0.035572289156626455
0 0.4262929292929293 0.1536746987951811 0.034585858585858595 0.052309236947791174
0 0.40968686868686865 0.2826204819277106 0.03351515151515146 0.029226907630522103
0 0.4393434343434343 0.2837449799196784 0.030565656565656556 0.04331325301204818
0 0.43434343434343436 0.3213654618473895 0.03858585858585863 0.03216867469879514
0 0.41458585858585856 0.38053212851405643 0.05159595959595964 0.05847389558232933
0 0.42928282828282827 0.5191967871485943 0.04240404040404042 0.052449799196787154
0 0.42883838383838385 0.7099096385542166 0.05162626262626264 0.05837349397590372
0 0.42133333333333334 0.6531425702811242 0.04270707070707068 0.06128514056224896
0 0.639979797979798 0.6997891566265058 0.031464646464646556 0.02833333333333336
0 0.6919494949494949 0.703744979919679 0.03640404040404037 0.03423694779116457
0 0.9071111111111111 0.6129919678714859 0.08520202020202011 0.06158634538152602