0 0.4436262626262627 0.07680722891566265 0.05495959595959593 0.059477911646586355
0 0.4246868686868687 0.10492971887550223 0.03145454545454544 0.039417670682730915
0 0.44091919191919193 0.17827309236947786 0.05352525252525253 0.05171686746987951
0 0.6757373737373737 0.41322289156626524 0.048393939393939475 0.04140562248995985
0 0.1813030303030303 0.09433734939759039 0.04361616161616162 0.03021084337349398
0 0.17676767676767677 0.9984939759036144 0.046464646464646465 0.0030120481927710845
0 0.20556565656565656 0.9503012048192772 0.031525252525252505 0.027419678714859383
0 0.1918484848484849 0.8524096385542169 0.04067676767676766 0.042329317269076384
0 0.4590505050505051 0.8629919678714859 0.06161616161616162 0.06145582329317273
0 0.4394646464646464 0.9241465863453814 0.0769090909090909 0.06551204819277108
0 0.6829191919191918 0.8549096385542166 0.05868686868686859 0.055220883534136546
0 0.6697676767676767 0.9347791164658634 0.04458585858585869 0.05444779116465865