0 0.20308751229105207 0.02948240165631472 0.03666666666666669 0.042567287784679095
0 0.3903048180924288 0.025962732919254584 0.021720747295968568 0.02512422360248447
0 0.6553195673549657 0.03208074534161468 0.0542871189773845 0.0624223602484472
0 0.6553785644051131 0.08595238095238115 0.03838741396263517 0.04157349896480331
0 0.6481022615535889 0.16775362318840598 0.05550639134709936 0.06221532091097311
0 0.6809439528023599 0.4735300207039336 0.04840707964601772 0.057049689440993805
0 0.6524090462143559 0.5771221532091098 0.05427728613569326 0.05299171842650109
0 0.42679449360865285 0.8069254658385091 0.04148475909537862 0.05301242236024849
0 0.1823992133726647 0.6309730848861284 0.048387413962635184 0.04277432712215314
0 0.40952802359882007 0.6174327122153209 0.056234021632251774 0.04886128364389239
0 0.41444444444444445 0.5408799171842648 0.04443461160275325 0.05108695652173909
0 0.3761356932153392 0.3013250517598343 0.05236971484759095 0.031169772256728793
0 0.3898328416912488 0.32800207039337465 0.03453294001966569 0.0352380952380952
0 0.39478859390363813 0.37170807453416166 0.05230088495575227 0.07675983436853
0 0.4291937069813176 0.3544824016563145 0.046273352999016665 0.046708074534161495
0 0.42775811209439524 0.39908902691511383 0.0454867256637168 0.04228778467908905
0 0.1687217305801376 0.36078674948240164 0.05814159292035398 0.056925465838509326
0 0.18290068829891837 0.28252587991718436 0.039547689282202585 0.03742236024844718
0 0.20053097345132748 0.9106211180124222 0.049301868239921325 0.04873706004140779
0 0.3436479842674533 0.9607039337474119 0.04066863323500493 0.029327122153209033
0 0.6470009832841691 0.9906832298136646 0.04523107177974434 0.018633540372670808