0 0.9041297935103245 0.3069151138716356 0.03089478859390371 0.02403726708074537
0 0.8770206489675516 0.2670393374741201 0.047512291052114 0.04748447204968945
0 0.6480825958702066 0.13359213250517593 0.039793510324483805 0.03733954451345755
0 0.6209341199606686 0.12370600414078675 0.048357915437561516 0.04053830227743269
0 0.6514257620452311 0.004140786749482402 0.03638151425762045 0.008281573498964804
0 0.43265486725663715 0.16092132505175988 0.03764995083579151 0.0342650103519669
0 0.42329400196656836 0.38921325051759836 0.04048180924287115 0.051770186335403715
0 0.4400589970501475 0.5279089026915115 0.03656833824975412 0.035217391304347805
0 0.44052114060963615 0.6294513457556935 0.04740412979351036 0.047867494824016574
0 0.6499410029498525 0.7076086956521739 0.02379547689282207 0.03841614906832288
0 0.4086332350049164 0.7801242236024843 0.04833824975417893 0.05307453416149067
0 0.41006882989183874 0.8716356107660456 0.03763028515240903 0.03954451345755698
0 0.4198623402163225 0.972567287784679 0.05703048180924287 0.054865424430641824
0 0.45434611602753194 0.9367908902691512 0.05341199606686337 0.06452380952380944
0 0.6809242871189773 0.9635093167701864 0.03461160275319572 0.032826086956521776
0 0.906125860373648 0.9776501035196689 0.018741396263520102 0.013426501035196716
0 0.9238249754178958 0.8338302277432712 0.048357915437561516 0.0612525879917185
0 0.9189085545722714 0.5528053830227743 0.05807276302851519 0.04784679089026918