0 0.3845427728613569 0.9130641821946169 0.025712881022615514 0.02288819875776387
0 0.4617109144542773 0.8022774327122153 0.0384660766961652 0.033374741200828166
0 0.4095378564405113 0.38563146997929604 0.02682399213372662 0.04266045548654248
0 0.9060963618485742 0.4938509316770186 0.06409046214355955 0.05402691511387169
0 0.8862438544739429 0.4209006211180126 0.0007669616519173773 0.0013250517598343402
0 0.9006194690265487 0.39966873706004136 0.027738446411012817 0.04564182194616981
0 0.7020845624385447 0.44306418219461696 0.04723697148475906 0.04563146997929611
0 0.6460373647984268 0.38427536231884063 0.055290068829891854 0.07289855072463763
0 0.6843362831858407 0.37311594202898535 0.029773844641101253 0.04079710144927533
0 0.6696263520157325 0.2733333333333333 0.04743362831858408 0.043654244306418205
0 0.6834709931170109 0.12062111801242234 0.06328416912487698 0.04654244306418219
0 0.9011996066863324 0.14080745341614906 0.032546705998033346 0.037494824016563164