0 0.4020845624385448 0.14021739130434782 0.04764011799410034 0.03622153209109732
0 0.6711602753195673 0.026449275362318843 0.05048180924287111 0.052898550724637686
0 0.6382694198623401 0.23709109730848862 0.03355948869223216 0.037391304347826095
0 0.6533628318584072 0.47207039337474116 0.03087512291052123 0.043726708074534174
0 0.39823008849557523 0.35918219461697726 0.0237069813176008 0.022784679089026906
0 0.41444444444444445 0.3979710144927536 0.05231071779744351 0.05288819875776401
0 0.18303834808259595 0.7365942028985507 0.037728613569321535 0.05311594202898545
0 0.19367748279252706 0.6005175983436853 0.03171091445427729 0.02734989648033134
0 0.175575221238938 0.5708178053830227 0.036647000983284155 0.03650103519668736
0 0.6419272369714847 0.8063871635610766 0.012074729596853464 0.01868530020703929
0 0.397748279252704 0.9683850931677019 0.044464110127826965 0.053033126293995876
0 0.21635201573254667 0.9571842650103519 0.05128810226155356 0.0425879917184266