0 0.4198623402163225 0.007763975155279503 0.05703048180924287 0.015527950310559006
0 0.4497935103244838 0.06780538302277432 0.03272369714847588 0.03425465838509317
0 0.651819075712881 0.02523809523809535 0.016116027531956834 0.02592132505175983
0 0.44495575221238937 0.13497929606625245 0.04625368731563418 0.04687370600414077
0 0.6375516224188791 0.22091097308488622 0.02667649950835802 0.04249482401656316
0 0.6631858407079646 0.3013043478260869 0.038593903638151426 0.031128364389234005
0 0.426086529006883 0.5589855072463769 0.022861356932153392 0.033374741200828166
0 0.4430088495575221 0.974689440993789 0.04431661750245826 0.04886128364389239
0 0.6611996066863324 0.9694927536231887 0.03863323500491638 0.040445134575569294
0 0.6553687315634218 0.7956004140786751 0.05234021632251722 0.07378881987577637
0 0.6947197640117994 0.7220910973084885 0.05453294001966572 0.06754658385093168
0 0.6622320550639135 0.6764906832298134 0.046401179941003005 0.0446687370600415
0 0.9261553588987217 0.47357142857142837 0.049567354965585134 0.04885093167701869
0 0.8859488692232055 0.5553726708074532 0.05133726647000987 0.05302277432712218
0 0.8942281219272369 0.6603312629399587 0.036647000983284155 0.03749482401656318
0 0.9287512291052114 0.6273395445134577 0.052192723697148405 0.05202898550724637
0 0.9386430678466077 0.6760144927536234 0.038544739429695225 0.051925465838509405