0 0.20000983284169133 0.6706625258799168 0.030639134709931196 0.026987577639751487
0 0.6745132743362832 0.6780020703933746 0.02793510324483784 0.047929606625258754
0 0.6239823008849557 0.6246376811594199 0.032822025565388505 0.023954451345755797
0 0.40675516224188796 0.6165838509316769 0.04638151425762041 0.04709109730848862
0 0.3850344149459193 0.5589544513457555 0.024739429695181878 0.02703933747411997
0 0.20699115044247787 0.3587370600414078 0.05429695181907574 0.06940993788819871
0 0.68047197640118 0.5062318840579715 0.021907571288102234 0.04161490683229818
0 0.6509636184857424 0.35196687370600416 0.02778761061946902 0.025031055900621067
0 0.36278269419862347 0.35349896480331217 0.031878072763028474 0.05092132505175989
0 0.38400196656833824 0.3219358178053828 0.022861356932153392 0.027153209109730868
0 0.14852507374631263 0.15646997929606635 0.031573254670599814 0.03527950310559005
0 0.4174237954768928 0.21991718426501042 0.052261553588987195 0.04259834368530018
0 0.4426155358898723 0.19409937888198758 0.04116027531956737 0.04881987577639748
0 0.6470009832841691 0.015527950310559006 0.04523107177974434 0.031055900621118012
0 0.6770993117010815 0.04141821946169795 0.04831858407079656 0.06855072463768115
0 0.6447590953785645 0.05991718426501046 0.03554572271386439 0.03782608695652173
0 0.6768436578171091 0.19611801242236007 0.028810226155358856 0.034409937888198766
0 0.6583480825958702 0.2324534161490685 0.05023598820058989 0.05499999999999999
0 0.6460865290068829 0.2794720496894413 0.04373647984267455 0.043654244306418205
0 0.6608751229105211 0.7887991718426497 0.031494591937069785 0.04795031055900614
0 0.6676401179941003 0.9151035196687368 0.05524090462143566 0.03960662525879916