0 0.6464601769911504 0.023819875776397742 0.018721730580137624 0.018840579710144932
0 0.9164110127826942 0.04762939958592155 0.025732546705998106 0.039637681159420284
0 0.6986332350049164 0.11845755693581764 0.034444444444444416 0.06136645962732918
0 0.6632645034414946 0.4823395445134571 0.020727630285152336 0.03549689440993785
0 0.6794296951819075 0.7038302277432709 0.029646017699115134 0.024989648033126397
0 0.8981219272369715 0.324378881987578 0.02673549655850546 0.040372670807453416
0 0.8701474926253688 0.38966873706004146 0.01974434611602746 0.015910973084886135
0 0.898220255653884 0.3737681159420294 0.0206194690265487 0.0249275362318841
0 0.93015732546706 0.44726708074534205 0.0414552605703049 0.0415217391304348
0 0.8889183874139626 0.4984782608695649 0.04331366764995079 0.04465838509316769
0 0.8948279252704031 0.6428571428571429 0.03971484759095388 0.052008281573498974
0 0.6538249754178959 0.8219772256728776 0.03580137659783685 0.02519668737060033
0 0.6725368731563423 0.9105900621118014 0.04749262536873152 0.04119047619047615
0 0.4407079646017699 0.9551656314699789 0.04008849557522122 0.04297101449275361