0 0.4139626352015733 0.023291925465838508 0.0471976401179941 0.046583850931677016
0 0.395811209439528 0.2546894409937888 0.014985250737463136 0.016863354037267103
0 0.4331465093411996 0.2732919254658385 0.032556538839724695 0.0332298136645963
0 0.6345821042281219 0.07450310559006211 0.048672566371681415 0.05421325051759835
0 0.6553588987217306 0.22145962732919255 0.03456243854473952 0.03972049689440994
0 0.9125565388397248 0.05541407867494824 0.04727630285152402 0.05090062111801243
0 0.8854768928220256 0.7349792960662526 0.010875122910521087 0.012650103519668766
0 0.9203539823008849 0.6724120082815734 0.03938053097345128 0.03632505175983428
0 0.8868829891838742 0.6708281573498964 0.019862340216322563 0.02910973084886117
0 0.6607866273352999 0.8012629399585921 0.03138643067846615 0.037267080745341616
0 0.6735398230088495 0.6863146997929607 0.04329400196656831 0.05599378881987569
0 0.6417994100294986 0.599968944099379 0.028387413962635093 0.024026915113871672
0 0.6902851524090462 0.5849378881987577 0.021976401179940912 0.02519668737060033
0 0.6412291052114061 0.4420910973084886 0.035644051130776795 0.03517598343685302
0 0.8880039331366765 0.547111801242236 0.04139626352015724 0.046894409937888154
0 0.8893313667649951 0.4202173913043478 0.0326548672566372 0.05389233954451352
0 0.913520157325467 0.36068322981366463 0.06499508357915429 0.04869565217391301
0 0.942055063913471 0.3203312629399586 0.035339233038348135 0.03207039337474122
0 0.4108259587020649 0.5078364389233954 0.04166175024582105 0.04917184265010346
0 0.44630285152409044 0.5076190476190476 0.03915437561455266 0.03391304347826086
0 0.4418682399213373 0.5494099378881988 0.06585054080629305 0.049213250517598305
0 0.4120747295968535 0.7183747412008282 0.05314650934119956 0.04962732919254664
0 0.6514257620452311 0.9787784679089027 0.03638151425762045 0.042443064182194616