0 0.6493411996066865 0.25697722567287784 0.06915437561455254 0.06592132505175981
0 0.6612782694198623 0.05594202898550721 0.0405408062930187 0.0375983436853002
0 0.6588593903638151 0.21363354037267068 0.05537856440511302 0.06134575569358177
0 0.40770894788593914 0.26833333333333337 0.04638151425762041 0.04236024844720496
0 0.4209046214355948 0.16403726708074537 0.04323500491642087 0.03221532091097309
0 0.3834808259587021 0.06615942028985515 0.04134709931170104 0.05422360248447204
0 0.17804326450344143 0.3116563146997929 0.0357915437561455 0.03984472049689442
0 0.16821042281219267 0.2701863354037267 0.03920353982300885 0.03753623188405796
0 0.19837758112094395 0.22675983436852998 0.04472959685349067 0.029099378881987593
0 0.1907669616519174 0.033747412008281595 0.05324483775811207 0.05919254658385094
0 0.17652900688298917 0.9595238095238097 0.030904621435594894 0.033322981366459684
0 0.17844641101278272 0.8840579710144928 0.034641101278269436 0.022774327122153208
0 0.18091445427728614 0.4404451345755694 0.03163225172074731 0.04474120082815738
0 0.15979351032448377 0.4875672877846791 0.03069813176007869 0.041356107660455534
0 0.18183874139626358 0.6453623188405798 0.04141592920353983 0.04267080745341618
0 0.18736479842674528 0.6822981366459626 0.03264503441494591 0.041604554865424484
0 0.6392232055063912 0.7997101449275362 0.04933136676499515 0.0571118012422361
0 0.6775417895771878 0.7402277432712214 0.04750245821042276 0.03542443064182198
0 0.4346214355948869 0.4757142857142857 0.04348082595870209 0.04679089026915119
0 0.6602851524090462 0.40788819875776394 0.036784660766961734 0.024999999999999977
0 0.6799508357915437 0.36576604554865416 0.03832841691248773 0.0363250517598344