0 0.594322120285423 0.0799112426035503 0.04083588175331289 0.03168639053254437
0 0.8582874617737003 0.1429585798816568 0.022466870540265 0.023757396449704118
0 0.8150560652395515 0.4191222879684418 0.03571865443425073 0.03756410256410259
0 0.8246687054026504 0.5217357001972386 0.02628950050968396 0.027712031558185315
0 0.6025382262996942 0.3590335305719921 0.023027522935779733 0.025976331360946778
0 0.30171253822629973 0.3802465483234714 0.0450050968399592 0.04835305719921102
0 0.3435372069317023 0.4729585798816568 0.026687054026503516 0.024743589743589776
0 0.32363914373088687 0.7258678500986193 0.03989806320081548 0.03175542406311641
0 0.6055555555555555 0.613905325443787 0.04082568807339445 0.03857001972386578
0 0.6237716615698267 0.7475147928994083 0.026839959225280253 0.02390532544378699
0 0.6009683995922528 0.7829881656804735 0.029857288481141653 0.03352071005917161
0 0.5525280326197757 0.7879783037475345 0.024536187563710433 0.03175542406311641
0 0.5861671763506625 0.810138067061144 0.03064220183486233 0.032623274161735626
0 0.33330275229357803 0.8323274161735701 0.038939857288481185 0.03555226824457589
0 0.8338634046890927 0.9654437869822485 0.03871559633027525 0.02973372781065098
0 0.82203873598369 0.9364694280078896 0.02778797145769622 0.03074950690335312
0 0.8085321100917431 0.88965483234714 0.03679918450560643 0.02578895463510857
0 0.8181243628950051 0.857465483234714 0.023414882772680966 0.030769230769230813
0 0.6010091743119267 0.9417652859960552 0.027777777777777776 0.04347140039447724
0 0.5657492354740061 0.8900591715976331 0.0409785932721713 0.030788954635108508
0 0.6024566768603465 0.8692899408284024 0.026452599388379253 0.020670611439842244