0 0.167125382262997 0.38049309664694275 0.026697247706422015 0.02582840236686396
0 0.3792354740061162 0.5576528599605522 0.024525993883791994 0.01873767258382643
0 0.37356778797145773 0.4599112426035502 0.0356880733944954 0.026824457593688407
0 0.32933741080530066 0.44034516765285997 0.038756371049949015 0.028786982248520762
0 0.5967584097859328 0.04679487179487184 0.017624872579000982 0.026755424063116366
0 0.6015290519877675 0.5640927021696253 0.03470948012232411 0.03352071005917161
0 0.64782874617737 0.5192307692307693 0.017614678899082543 0.016834319526627155
0 0.35944954128440354 0.7298816568047336 0.02971457696228336 0.025887573964497042
0 0.10441386340468915 0.8722781065088757 0.03998980632008154 0.03867850098619332
0 0.12837920489296642 0.7914003944773176 0.03695208970438328 0.02499999999999991
0 0.09522935779816522 0.7353057199211045 0.03962283384301733 0.04855029585798818
0 0.1049745158002039 0.6947140039447732 0.05118246687054026 0.04848126232741625
0 0.3478695208970438 0.985621301775148 0.024169215086646316 0.020946745562130185