0 0.3851580020387359 0.14351084812623272 0.014148827726809374 0.016923076923076947
0 0.36749235474006114 0.1844181459566075 0.025504587155963283 0.025719921104536473
0 0.6202344546381244 0.2485404339250493 0.039857288481141596 0.035690335305719946
0 0.6263812436289501 0.19371794871794856 0.013211009174311963 0.014980276134122285
0 0.6260346585117228 0.06515779092702186 0.0427013251783895 0.03754437869822484
0 0.6233231396534149 0.1055128205128203 0.03584097859327225 0.02966469428007888
0 0.6341284403669724 0.571025641025641 0.022507645259938765 0.02393491124260353
0 0.3491131498470948 0.4693984220907296 0.02769622833843013 0.02766272189349108
0 0.3613863404689093 0.5014595660749507 0.03184505606523956 0.030719921104536523
0 0.35680937818552494 0.544881656804734 0.028593272171253778 0.026696252465483173
0 0.37867482161060145 0.567534516765286 0.0337716615698267 0.02861932938856014
0 0.11109072375127423 0.6242209072978304 0.026676860346585132 0.021587771203155918
0 0.14065239551478084 0.8397633136094674 0.024668705402650346 0.024704142011834275
0 0.12638124362895006 0.7978303747534516 0.012395514780835892 0.017938856015779145
0 0.36799184505606525 0.8490828402366862 0.03905198776758404 0.033648915187376616
0 0.6289092762487258 0.9506607495069032 0.028664627930682866 0.03160749506903349