0 0.14625891946992867 0.35650887573964496 0.025657492354740078 0.030483234714003913
0 0.14524974515800204 0.39595660749506906 0.03586136595310908 0.04828402366863909
0 0.3450866462793068 0.28103550295858015 0.019571865443425124 0.025838264299802807
0 0.1534046890927625 0.09163708086785018 0.031630988786952065 0.027721893491124274
0 0.6351681957186543 0.45900394477317585 0.03670744138634046 0.03284023668639049
0 0.6554943934760448 0.5364891518737672 0.036829765545361985 0.035660749506903434
0 0.640112130479103 0.7923964497041418 0.020550458715596413 0.020739644970414174
0 0.6360550458715597 0.841213017751479 0.034801223241590316 0.03365877712031569
0 0.6402344546381243 0.8811439842209069 0.028674821610601538 0.032416173570019614
0 0.6452599388379205 0.9985207100591716 0.02854230377166157 0.0029585798816568047
0 0.11516819571865446 0.8409664694280077 0.02655453618756372 0.03112426035502953
0 0.16156982670744138 0.9930966469428008 0.03771661569826707 0.013806706114398421