0 0.32001019367991845 0.12732741617357016 0.03675840978593278 0.02998027613412228
0 0.34714576962283383 0.11541420118343215 0.02135575942915397 0.029704142011834325
0 0.36590214067278287 0.2076035502958582 0.020703363914373035 0.021045364891518713
0 0.5801019367991845 0.22639053254437863 0.04285423037716612 0.04479289940828404
0 0.8435168195718654 0.11191321499013808 0.03791029561671769 0.032633136094674574
0 0.8567380224260959 0.3076824457593686 0.01949031600407736 0.015966469428007942
0 0.8623853211009175 0.7135009861932937 0.016503567787971515 0.01685404339250485
0 0.8645565749235474 0.8096646942800789 0.012293577981651321 0.01594674556213025
0 0.5958307849133537 0.489112426035503 0.04393476044852183 0.043451676528599555
0 0.570499490316004 0.4533530571992109 0.05005096839959216 0.04693293885601581
0 0.5443323139653415 0.7154733727810648 0.02463812436289508 0.038698224852071014
0 0.34357798165137615 0.4891420118343193 0.04291539245667688 0.043570019723865885
0 0.3338837920489297 0.7120414201183434 0.02963302752293583 0.02186390532544386
0 0.3858103975535168 0.7268244575936884 0.03380224260958203 0.025867850098619347
0 0.3139347604485219 0.8057297830374756 0.051009174311926565 0.03742603550295862
0 0.6044852191641182 0.9861932938856016 0.02854230377166157 0.027613412228796843