0 0.3154638124362895 0.1829191321499014 0.02154943934760447 0.02284023668639056
0 0.3486850152905199 0.13893491124260365 0.039174311926605455 0.03557199211045364
0 0.5790010193679919 0.38711045364891516 0.022640163098878733 0.016814595660749464
0 0.3002650356778797 0.4037968441814596 0.01550458715596334 0.015098619329388507
0 0.8252395514780835 0.46092702169625255 0.027543323139653398 0.022800788954635113
0 0.8364627930682977 0.5163905325443786 0.01543323139653425 0.010798816568047383
0 0.32982670744138637 0.513293885601578 0.031661569826707384 0.04869822485207106
0 0.8635168195718654 0.6203254437869823 0.022446483180428117 0.015966469428007942
0 0.8175025484199796 0.3363510848126232 0.02664627930682987 0.03164694280078899
0 0.5855861365953109 0.2643195266272189 0.031651376146788944 0.03161735700197236
0 0.6075840978593272 0.15487179487179484 0.030662589194699212 0.02376725838264302
0 0.6029765545361876 0.11638067061143983 0.04796126401630984 0.03954635108481263
0 0.5718042813455658 0.02465483234714004 0.014627930682976463 0.018047337278106507
0 0.8114780835881753 0.12329388560157789 0.03274209989806309 0.03170611439842208
0 0.835881753312946 0.9580966469428008 0.0388277268093781 0.030680473372780966
0 0.837533129459735 0.8536193293885601 0.01940876656472983 0.019003944773175525
0 0.8298572884811417 0.8214891518737673 0.014322120285422991 0.013944773175542505
0 0.5723955147808358 0.9418343195266272 0.03776758409785928 0.027790927021696315
0 0.5769622833843018 0.8905128205128205 0.0409785932721713 0.037682445759368875
0 0.5871355759429154 0.8530473372781066 0.0450254841997962 0.03567061143984228
0 0.5851580020387359 0.7816074950690335 0.043109072375127386 0.03884615384615395
0 0.5931498470948012 0.6898915187376725 0.030662589194699212 0.028688362919132068
0 0.6031090723751275 0.6662130177514792 0.012905198776758494 0.014792899408284023
0 0.3144954128440367 0.6173471400394478 0.027563710499490277 0.029654832347139976
0 0.35018348623853207 0.8545759368836292 0.02768603465851169 0.032721893491124324
0 0.33896024464831803 0.9235798816568047 0.025514780835881726 0.020739644970414174
0 0.3537003058103976 0.8283727810650888 0.018511722731906186 0.018007889546351075