0 0.6044852191641182 0.0009861932938856016 0.02854230377166157 0.0019723865877712033
0 0.33181447502548417 0.29735700197238657 0.04800203873598372 0.04657790927021698
0 0.5922426095820591 0.2677909270216962 0.03688073394495419 0.030887573964497064
0 0.8394903160040774 0.3850986193293883 0.035759429153924494 0.02876725838264296
0 0.8765953109072375 0.4687573964497043 0.03079510703363918 0.030404339250493136
0 0.8592660550458716 0.511854043392505 0.018419979612640098 0.01985207100591721
0 0.8684811416921508 0.884506903353057 0.024627930682976636 0.02967455621301767
0 0.6356269113149846 0.8615088757396452 0.043883792048929615 0.042524654832347034
0 0.6106320081549439 0.7381755424063119 0.06328236493374101 0.03837278106508884
0 0.6229357798165138 0.69930966469428 0.04292558613659521 0.03373767258382646
0 0.5985219164118246 0.662179487179487 0.04104994903160039 0.058609467455621365
0 0.35971457696228337 0.8866962524654833 0.026666666666666634 0.029773175542406365
0 0.35831804281345564 0.9216272189349114 0.047818552497451546 0.04456607495069039
0 0.8348623853211009 0.9980276134122288 0.03058103975535168 0.0039447731755424065
0 0.8659531090723751 0.9930966469428008 0.021406727828746176 0.013806706114398421