0 0.1064831804281346 0.17949704142011833 0.03792048929663607 0.03359960552268244
0 0.35786952089704377 0.24456607495069035 0.042864424057084564 0.033560157790927
0 0.6044852191641182 0.0073964497041420114 0.022426095820591234 0.014792899408284023
0 0.583506625891947 0.035532544378698225 0.027828746177369985 0.03382642998027613
0 0.6076044852191641 0.11192307692307692 0.03284403669724773 0.030660749506903357
0 0.3567686034658512 0.43948717948717947 0.04088685015290521 0.04007889546351084
0 0.13408766564729863 0.39103550295857986 0.029673802242609595 0.026627218934911243
0 0.09939857288481141 0.3866962524654832 0.0399796126401631 0.04905325443786983
0 0.11102956167176357 0.8205917159763314 0.036890927624872574 0.05142998027613421
0 0.11933741080530065 0.5699112426035503 0.03693170234454639 0.03954635108481253
0 0.11980632008154941 0.7593885601577909 0.03402650356778797 0.017938856015779145
0 0.34295616717635075 0.6450098619329389 0.029724770642201803 0.03759368836291902