0 0.32466870540265036 0.02715976331360943 0.02772680937818557 0.03266272189349113
0 0.34452599388379207 0.2563806706114401 0.028470948012232364 0.014053254437869823
0 0.3557492354740061 0.22732741617357025 0.02057084607543318 0.022781065088757418
0 0.3339755351681957 0.35999013806706087 0.04817533129459734 0.03936883629191317
0 0.3758307849133537 0.4023471400394473 0.03158002038735985 0.03363905325443788
0 0.39494393476044853 0.4285305719921102 0.03402650356778797 0.04664694280078891
0 0.5958409785932721 0.29050295857988134 0.04174311926605509 0.05244575936883624
0 0.6237920489296637 0.2242702169625245 0.03468909276248723 0.038491124260355
0 0.8771457696228339 0.49459566074950734 0.04393476044852183 0.048481262327416196
0 0.8725586136595311 0.42449704142011796 0.04501529051987776 0.03838264299802757
0 0.8649235474006116 0.15877712031558186 0.035565749235474106 0.037534516765286
0 0.8444852191641183 0.041331360946745416 0.017410805300713483 0.02380670611439842
0 0.8348623853211009 0.011834319526627219 0.03058103975535168 0.023668639053254437
0 0.8659531090723751 0.010848126232741617 0.021406727828746176 0.021696252465483234
0 0.8608766564729867 0.8062031558185402 0.029622833843017275 0.028500986193293974
0 0.8838735983690112 0.783994082840237 0.0185117227319063 0.019812623274161657
0 0.616269113149847 0.787386587771203 0.03987767584097848 0.04858974358974357
0 0.6339959225280327 0.8295069033530571 0.02456676860346576 0.025581854043392558
0 0.5860448521916412 0.8555029585798812 0.03467889908256879 0.038727810650887554
0 0.34208970438328234 0.7583925049309667 0.03143730886850156 0.023639053254437898
0 0.38135575942915395 0.8560453648915185 0.04499490316004076 0.045424063116370754