0 0.11464831804281349 0.13415187376725857 0.029683995922528038 0.043540433925049304
0 0.12643221202854227 0.5300394477317555 0.035056065239551466 0.03662721893491134
0 0.1549643221202854 0.3461242603550294 0.018583078491335392 0.02769230769230773
0 0.14678899082568808 0.3166074950690335 0.026880733944954133 0.03751479289940825
0 0.14340468909276255 0.2282347140039446 0.02346585117227317 0.04848126232741614
0 0.374118246687054 0.3342800788954636 0.018583078491335392 0.03164694280078899
0 0.3501630988786952 0.6419921104536489 0.031814475025484235 0.02186390532544386
0 0.3975840978593272 0.7086291913214992 0.024750254841997932 0.022790927021696154
0 0.3973496432212028 0.7346153846153847 0.033139653414882765 0.0180966469428007
0 0.36939857288481154 0.7973274161735698 0.015667686034658516 0.009082840236686426
0 0.3609174311926605 0.5769230769230769 0.024648318042813405 0.02787968441814594
0 0.6182262996941896 0.5009664694280079 0.04407747196738023 0.04352071005917165
0 0.6207747196738023 0.5876923076923077 0.024475025484199785 0.025700197238658722
0 0.3745871559633028 0.94129191321499 0.02772680937818557 0.028737672583826528